2	01/01/2021 00:15	01/01/2021 00:19	N	1	43	151	1	1.01	5.5	0.5	0.5	0	0		0.3	6.8	2	1	0
2	01/01/2021 00:25	01/01/2021 00:34	N	1	166	239	1	2.53	10	0.5	0.5	2.81	0		0.3	16.86	1	1	2.75
2	01/01/2021 00:45	01/01/2021 00:51	N	1	41	42	1	1.12	6	0.5	0.5	1	0		0.3	8.3	1	1	0
2	12/31/2020 11:57:51 PM	01/01/2021 00:04	N	1	168	75	1	1.99	8	0.5	0.5	0	0		0.3	9.3	2	1	0
2	01/01/2021 00:16	01/01/2021 00:16	N	2	265	265	3	0	-52	0	-0.5	0	0		-0.3	-52.8	3	1	0
2	01/01/2021 00:16	01/01/2021 00:16	N	2	265	265	3	0	52	0	0.5	0	0		0.3	52.8	2	1	0
2	01/01/2021 00:19	01/01/2021 00:19	N	5	265	265	1	0	180	0	0	36.06	0		0.3	216.36	1	2	0
2	01/01/2021 00:26	01/01/2021 00:28	N	1	75	75	6	0.45	3.5	0.5	0.5	0.96	0		0.3	5.76	1	1	0
2	01/01/2021 00:57	01/01/2021 00:57	N	1	225	225	1	0	2.5	0.5	0.5	0	0		0.3	3.8	2	1	0
2	01/01/2021 00:58	01/01/2021 01:32	N	1	225	265	1	12.19	38	0.5	0.5	2.75	0		0.3	42.05	1	1	0
2	01/01/2021 00:31	01/01/2021 00:55	N	1	244	244	2	3.39	18	0.5	0.5	0	0		0.3	19.3	2	1	0
2	01/01/2021 00:08	01/01/2021 00:21	N	1	75	213	1	6.69	19.5	0.5	0.5	0	0		0.3	20.8	2	1	0
2	01/01/2021 00:35	01/01/2021 00:44	N	1	74	238	1	2.34	10	0.5	0.5	0	0		0.3	14.05	1	1	2.75
2	01/01/2021 00:39	01/01/2021 00:55	N	1	74	60	1	5.48	18	0.5	0.5	0	0		0.3	19.3	2	1	0
1	01/01/2021 00:51	01/01/2021 00:57	N	1	42	41	2	0.9	6	0.5	0.5	0	0		0.3	7.3	1	1	0
2	01/01/2021 00:29	01/01/2021 00:29	N	5	42	264	1	0	10	0	0	2.06	0		0.3	12.36	1	2	0
2	01/01/2021 00:32	01/01/2021 00:42	N	1	74	116	1	2.08	9.5	0.5	0.5	2.16	0		0.3	12.96	1	1	0
2	01/01/2021 00:49	01/01/2021 01:05	N	1	116	143	1	4.64	16.5	0.5	0.5	5.14	0		0.3	25.69	1	1	2.75
2	01/01/2021 00:07	01/01/2021 00:12	N	1	75	42	1	1.68	6.5	0.5	0.5	0	0		0.3	7.8	2	1	0
2	01/01/2021 00:25	01/01/2021 00:28	N	1	74	75	1	0.68	4	0.5	0.5	0	0		0.3	5.3	2	1	0
2	01/01/2021 00:15	01/01/2021 00:30	N	1	7	82	5	2.7	12	0.5	0.5	0	0		0.3	13.3	1	1	0
2	01/01/2021 00:21	01/01/2021 01:06	N	1	152	117	1	29.07	77.5	0.5	0.5	0	6.12		0.3	84.92	2	1	0
2	01/01/2021 00:42	01/01/2021 00:43	N	1	82	82	1	0	2.5	0.5	0.5	8	0		0.3	11.8	1	1	0
2	01/01/2021 00:51	01/01/2021 01:06	N	1	116	74	1	2.78	12	0.5	0.5	0	0		0.3	13.3	2	1	0
2	01/01/2021 00:23	01/01/2021 00:34	N	1	116	69	3	2.25	10	0.5	0.5	0	0		0.3	11.3	2	1	0
1	01/01/2021 00:56	01/01/2021 01:13	N	1	259	116	1	0	28.2	0	0.5	0	0		0.3	29	1	1	0
2	01/01/2021 00:50	01/01/2021 00:55	N	1	247	167	1	1.03	5.5	0.5	0.5	0	0		0.3	6.8	1	1	0
2	01/01/2021 00:15	01/01/2021 00:18	N	1	166	41	1	0.65	4.5	0.5	0.5	0	0		0.3	5.8	1	1	0
2	01/01/2021 00:30	01/01/2021 00:43	N	1	74	119	1	2.51	11.5	0.5	0.5	2.56	0		0.3	15.36	1	1	0
2	01/01/2021 00:39	01/01/2021 01:05	N	1	17	107	1	7.57	25.5	0.5	0.5	7.39	0		0.3	36.94	1	1	2.75
2	01/01/2021 00:35	01/01/2021 00:55	N	5	74	247	1	3.64	13	0	0	0	0		0.3	13.3	2	2	0
2	01/01/2021 00:28	01/01/2021 00:32	N	1	74	74	1	0.63	5	0.5	0.5	0	0		0.3	6.3	2	1	0
1	01/01/2021 01:45	01/01/2021 01:59	N	1	173	56	1	1.5	10.5	0.5	0.5	2.75	2		0.3	16.55	1	1	0
2	01/01/2021 01:27	01/01/2021 01:36	N	1	152	239	1	2.83	10.5	0.5	0.5	0	0		0.3	14.55	2	1	2.75
2	01/01/2021 01:06	01/01/2021 01:25	N	1	41	233	1	5.03	17.5	0.5	0.5	0	0		0.3	21.55	1	1	2.75
2	01/01/2021 01:30	01/01/2021 01:42	N	1	42	119	1	3.13	11.5	0.5	0.5	1.1	0		0.3	13.9	1	1	0
2	01/01/2021 01:06	01/01/2021 01:15	N	1	7	260	6	2.24	9	0.5	0.5	0	0		0.3	10.3	2	1	0
2	01/01/2021 01:22	01/01/2021 01:31	N	1	47	42	1	2.11	9	0.5	0.5	0	0		0.3	10.3	2	1	0
1	01/01/2021 01:27	01/01/2021 01:36	N	1	75	24	1	1.6	8	0.5	0.5	0	0		0.3	9.3	2	1	0
2	01/01/2021 01:46	01/01/2021 01:51	N	1	41	166	1	0.77	5.5	0.5	0.5	2.04	0		0.3	8.84	1	1	0
2	01/01/2021 01:45	01/01/2021 01:54	N	1	179	7	1	1.46	8	0.5	0.5	0	0		0.3	9.3	2	1	0
2	01/01/2021 01:40	01/01/2021 01:54	N	1	7	159	5	5.19	17	0.5	0.5	0	6.12		0.3	24.42	1	1	0
2	01/01/2021 01:03	01/01/2021 01:30	N	1	95	145	1	10.05	31.5	0.5	0.5	0	0		0.3	32.8	1	1	0
2	01/01/2021 23:12	01/02/2021 01:13	N	5	95	82	1	0	9.7	0	0	2	0		0.3	12	1	2	0
2	01/01/2021 01:20	01/01/2021 01:23	N	1	236	238	1	0.77	4.5	0.5	0.5	0	0		0.3	5.8	2	1	0
2	01/01/2021 01:49	01/01/2021 01:49	N	5	244	244	5	0.02	12	0	0	2.46	0		0.3	14.76	1	2	0
1	01/01/2021 01:30	01/01/2021 01:49	N	1	65	225	2	4.1	16	0.5	0.5	3.45	0		0.3	20.75	1	1	0
2	01/01/2021 01:07	01/01/2021 01:13	N	1	166	151	1	1.07	6.5	0.5	0.5	1.56	0		0.3	9.36	1	1	0
1	01/01/2021 01:39	01/01/2021 02:01	N	1	247	13	1	0	36.2	0	0.5	0	0		0.3	37	1	1	0
1	01/01/2021 01:01	01/01/2021 01:10	N	1	14	14	0	0	6.5	0.5	0.5	0	0		0.3	7.8	2	1	0
2	01/01/2021 01:04	01/01/2021 01:17	N	1	74	168	1	2.86	12	0.5	0.5	0	0		0.3	13.3	1	1	0
2	01/01/2021 01:54	01/01/2021 02:12	N	1	235	167	1	3.56	14	0.5	0.5	3.06	0		0.3	18.36	1	1	0
2	01/01/2021 00:57	01/01/2021 01:00	N	1	116	42	1	0.59	4	0.5	0.5	0	0		0.3	5.3	2	1	0
2	01/01/2021 01:54	01/01/2021 02:15	N	5	74	94	1	5.82	18	0	0	0	0		0.3	18.3	2	2	0
2	01/01/2021 02:07	01/01/2021 02:18	N	1	41	143	1	2.2	10	0.5	0.5	0	0		0.3	14.05	2	1	2.75
2	01/01/2021 02:09	01/01/2021 02:15	N	1	75	141	1	1.96	7.5	0.5	0.5	2	0		0.3	13.55	1	1	2.75
2	01/01/2021 02:27	01/01/2021 02:57	N	1	74	232	1	8.7	30	0.5	0.5	0	0		0.3	34.05	2	1	2.75
2	01/01/2021 02:18	01/01/2021 02:26	N	1	168	74	1	2.14	9	0.5	0.5	0	0		0.3	10.3	2	1	0
1	01/01/2021 02:08	01/01/2021 02:37	N	1	37	167	1	0	34.2	0	0.5	0	6.12		0.3	41.12	1	1	0
1	01/01/2021 02:45	01/01/2021 02:59	N	1	167	78	1	0	14.2	0	0.5	0	0		0.3	15	1	1	0
2	01/01/2021 02:28	01/01/2021 02:36	N	1	256	17	1	1.3	7.5	0.5	0.5	0	0		0.3	8.8	2	1	0
2	01/01/2021 02:46	01/01/2021 03:03	N	1	256	164	1	5.83	19.5	0.5	0.5	0	0		0.3	23.55	2	1	2.75
2	01/01/2021 02:10	01/01/2021 02:10	N	1	28	28	1	0	2.5	0.5	0.5	10	0		0.3	13.8	1	1	0
2	01/01/2021 02:32	01/01/2021 02:45	N	1	42	142	2	4.69	15	0.5	0.5	0	0		0.3	19.05	2	1	2.75
2	01/01/2021 02:56	01/01/2021 03:03	N	1	75	42	1	2.01	8	0.5	0.5	0	0		0.3	9.3	2	1	0
2	01/01/2021 02:39	01/01/2021 02:42	N	1	129	129	1	0.43	4	0.5	0.5	0	0		0.3	5.3	2	1	0
2	01/01/2021 02:36	01/01/2021 02:40	N	1	41	42	6	0.95	5	0.5	0.5	0	0		0.3	6.3	2	1	0
2	01/01/2021 02:09	01/01/2021 02:22	N	1	167	212	1	2.73	11	0.5	0.5	0	0		0.3	12.3	2	1	0
2	01/01/2021 02:52	01/01/2021 03:00	N	1	74	75	1	1.55	7.5	0.5	0.5	0	0		0.3	8.8	2	1	0
2	01/01/2021 02:42	01/01/2021 02:50	N	5	136	241	1	0.57	9	0	0	0	0		0.3	9.3	2	2	0
2	01/01/2021 03:23	01/01/2021 03:35	N	1	41	142	5	3.52	13	0.5	0.5	0	0		0.3	17.05	2	1	2.75
1	01/01/2021 03:08	01/01/2021 03:08	N	1	78	78	1	0	0	0	0	0	0		0	0	3	1	0
1	01/01/2021 03:21	01/01/2021 03:37	N	1	69	42	1	0	14.2	0	0.5	0	0		0.3	15	1	1	0
2	01/01/2021 03:38	01/01/2021 03:58	N	1	112	97	6	5.09	19.5	0.5	0.5	0	0		0.3	20.8	2	1	0
2	01/01/2021 03:26	01/01/2021 03:40	N	1	116	136	1	4.76	17	0.5	0.5	0	0		0.3	18.3	2	1	0
2	01/01/2021 03:53	01/01/2021 04:16	N	1	179	249	1	6.67	22	0.5	0.5	4.83	6.12		0.3	37	1	1	2.75
2	01/01/2021 03:18	01/01/2021 03:33	N	1	75	248	1	6.25	19	0.5	0.5	0	0		0.3	20.3	2	1	0
2	01/01/2021 03:23	01/01/2021 03:24	N	1	119	119	1	0.09	3	0.5	0.5	0	0		0.3	4.3	2	1	0
2	01/01/2021 03:31	01/01/2021 04:14	N	1	119	55	1	28.26	75.5	0.5	0.5	2.75	6.12		0.3	85.67	1	1	0
2	01/01/2021 03:05	01/01/2021 03:05	N	5	32	264	3	0	7	0	0	0	0		0.3	7.3	1	2	0
2	01/01/2021 03:36	01/01/2021 04:03	N	1	42	50	1	9.18	29.5	0.5	0.5	6.71	0		0.3	40.26	1	1	2.75
1	01/01/2021 03:07	01/01/2021 03:22	N	1	250	41	1	0	22.2	0	0.5	0	0		0.3	23	1	1	0
1	01/01/2021 03:35	01/01/2021 03:52	N	1	75	94	1	0	24.2	0	0.5	0	0		0.3	25	1	1	0
2	01/01/2021 03:20	01/01/2021 03:25	N	1	42	244	1	1.01	6	0.5	0.5	0.7	0		0.3	8	1	1	0
2	01/01/2021 03:52	01/01/2021 03:57	N	1	41	42	1	1.22	6	0.5	0.5	0	0		0.3	7.3	2	1	0
2	01/01/2021 03:09	01/01/2021 03:15	N	1	75	74	1	1.18	6	0.5	0.5	0	0		0.3	7.3	2	1	0
2	01/01/2021 03:22	01/01/2021 03:31	N	1	74	140	1	3.61	12.5	0.5	0.5	3.31	0		0.3	19.86	1	1	2.75
2	01/01/2021 04:39	01/01/2021 04:43	N	1	42	42	1	0.62	5	0.5	0.5	0	0		0.3	6.3	2	1	0
2	01/01/2021 04:52	01/01/2021 05:05	N	5	247	75	1	3.43	15	0	0	0	0		0.3	15.3	2	2	0
2	01/01/2021 04:32	01/01/2021 04:33	N	1	42	41	1	0.3	3	0.5	0.5	0	0		0.3	4.3	1	1	0
2	01/01/2021 04:11	01/02/2021 03:40	N	1	116	81	1	10.8	32	0.5	0.5	0	0		0.3	33.3	1	1	0
2	01/01/2021 04:55	01/01/2021 04:55	N	5	159	159	1	0	30	0	0	3	0		0.3	33.3	1	2	0
2	01/01/2021 04:09	01/01/2021 04:17	N	1	95	134	1	1.65	8	0.5	0.5	1.86	0		0.3	11.16	1	1	0
2	01/01/2021 04:45	01/01/2021 04:51	N	1	74	41	1	1.03	6	0.5	0.5	10	0		0.3	17.3	1	1	0
	01/11/2021 10:04	01/11/2021 10:10			244	244		0.81	7	0	0	1.06	0		0.3	8.36			
1	01/01/2021 04:24	01/01/2021 04:33	N	1	248	169	1	0	17.2	0	0.5	0	0		0.3	18	1	1	0
2	01/01/2021 05:54	01/01/2021 05:58	N	1	43	236	1	0.64	4.5	0.5	0.5	2	0		0.3	10.55	1	1	2.75
2	01/01/2021 05:52	01/01/2021 05:58	N	5	7	7	1	0.65	50	0	0	7	0		0.3	57.3	1	2	0
2	01/01/2021 05:34	01/01/2021 05:47	N	1	75	167	1	3.66	13	0.5	0.5	0	0		0.3	14.3	2	1	0
2	01/01/2021 05:21	01/01/2021 05:44	N	5	82	263	1	6.32	22.63	0	0	3.42	0		0.3	29.1	1	1	2.75
2	01/01/2021 05:57	01/01/2021 05:58	N	5	152	152	1	0.1	15	0	0	0	0		0.3	15.3	2	2	0
2	01/01/2021 05:06	01/01/2021 05:10	N	1	74	237	1	1.85	7	0.5	0.5	2.21	0		0.3	13.26	1	1	2.75
2	01/01/2021 05:58	01/01/2021 05:58	N	5	138	138	1	0	40	0	0	0	0		0.3	40.3	2	1	0
2	01/01/2021 05:39	01/01/2021 07:00	N	1	72	136	1	26.62	89	0.5	0.5	2.75	6.12		0.3	99.17	1	1	0
2	01/01/2021 06:11	01/01/2021 06:26	N	1	116	236	1	5.28	17.5	0	0.5	6.32	0		0.3	27.37	1	1	2.75
2	01/01/2021 06:49	01/01/2021 06:54	N	1	74	75	6	1.5	6.5	0	0.5	1.46	0		0.3	8.76	1	1	0
1	01/01/2021 06:28	01/01/2021 06:35	N	1	82	82	1	1.4	7.5	0	0.5	0	0		0.3	8.3	2	1	0
2	01/01/2021 06:08	01/01/2021 06:15	N	1	116	151	1	2.12	8.5	0	0.5	0	0		0.3	9.3	2	1	0
1	01/01/2021 06:16	01/01/2021 06:28	N	1	183	168	1	0	20.2	0	0.5	0	0		0.3	21	1	1	0
1	01/01/2021 06:36	01/01/2021 06:43	Y	1	74	75	1	1.4	7	0	0.5	1.55	0		0.3	9.35	1	1	0
2	01/01/2021 06:12	01/01/2021 06:31	N	1	152	164	1	6.75	22.5	0	0.5	0	0		0.3	26.05	2	1	2.75
2	01/01/2021 06:53	01/01/2021 07:04	N	1	243	48	1	8.34	24	0	0.5	0	0		0.3	27.55	2	1	2.75
2	01/01/2021 07:22	01/01/2021 07:24	N	5	159	159	1	0.27	12	0	0	0.08	0		0.3	12.38	1	2	0
2	01/01/2021 06:51	01/01/2021 06:57	N	1	75	141	1	2.53	8.5	0	0.5	3.62	0		0.3	15.67	1	1	2.75
2	01/01/2021 07:08	01/01/2021 07:12	N	1	75	75	1	0.59	4.5	0	0.5	0	0		0.3	5.3	1	1	0
2	01/01/2021 07:14	01/01/2021 07:27	N	1	43	48	1	3.62	13	0	0.5	3.31	0		0.3	19.86	1	1	2.75
2	01/01/2021 07:12	01/01/2021 07:26	N	1	42	173	1	8.21	23.5	0	0.5	0	6.12		0.3	30.42	2	1	0
2	01/01/2021 07:09	01/01/2021 07:13	N	1	74	263	5	1.62	6.5	0	0.5	3.02	0		0.3	13.07	1	1	2.75
2	01/01/2021 07:21	01/01/2021 07:29	N	1	75	233	5	2.67	9.5	0	0.5	0	0		0.3	13.05	2	1	2.75
2	01/01/2021 07:40	01/01/2021 07:43	N	1	75	75	5	0.58	4.5	0	0.5	0	0		0.3	5.3	2	1	0
2	01/01/2021 07:48	01/01/2021 07:51	N	1	75	74	5	1.26	5.5	0	0.5	0	0		0.3	6.3	2	1	0
2	01/01/2021 07:17	01/01/2021 07:54	N	1	43	76	1	19.34	54.5	0	0.5	5	0		0.3	63.05	1	1	2.75
2	01/01/2021 07:31	01/01/2021 07:31	N	5	242	264	0	0	7	0	0	0	0		0.3	7.3	1	2	0
1	01/01/2021 07:39	01/01/2021 07:53	N	1	95	135	1	2.7	12.5	0	0.5	2.65	0		0.3	15.95	1	1	0
2	01/01/2021 07:25	01/01/2021 07:32	N	1	82	129	2	1.7	7.5	0	0.5	1.66	0		0.3	9.96	1	1	0
2	01/01/2021 07:36	01/01/2021 08:46	N	1	136	10	1	19.68	72	0	0.5	2.75	12.24		0.3	87.79	1	1	0
2	01/01/2021 08:37	01/01/2021 08:37	N	1	42	42	1	0	2.5	0	0.5	0	0		0.3	3.3	2	1	0
2	01/01/2021 08:59	01/01/2021 09:04	N	1	74	75	1	1.44	6.5	0	0.5	1.46	0		0.3	8.76	1	1	0
2	01/01/2021 08:10	01/01/2021 08:23	N	1	244	151	1	3.23	13	0	0.5	2.76	0		0.3	16.56	1	1	0
2	01/01/2021 08:38	01/01/2021 08:46	N	1	42	41	1	1.87	8.5	0	0.5	0	0		0.3	9.3	2	1	0
2	01/01/2021 08:48	01/01/2021 08:55	N	1	41	74	1	1.43	7	0	0.5	0	0		0.3	7.8	1	1	0
2	01/01/2021 08:08	01/01/2021 08:15	N	1	41	74	1	1.27	7	0	0.5	0	0		0.3	7.8	2	1	0
2	01/01/2021 08:38	01/01/2021 08:51	N	1	42	151	1	2.64	11.5	0	0.5	0	0		0.3	12.3	2	1	0
2	01/01/2021 08:44	01/01/2021 09:15	N	1	75	259	5	14.09	40.5	0	0.5	0	0		0.3	41.3	2	1	0
2	01/01/2021 08:52	01/01/2021 09:01	N	1	95	28	1	1.99	9.5	0	0.5	0	0		0.3	10.3	1	1	0
2	01/01/2021 08:41	01/01/2021 08:49	N	1	181	188	1	2.15	9	0	0.5	0	0		0.3	9.8	2	1	0
2	01/01/2021 08:31	01/01/2021 08:33	N	1	41	42	1	0.32	3.5	0	0.5	0	0		0.3	4.3	1	1	0
2	01/01/2021 08:10	01/01/2021 08:15	N	1	130	215	1	1.37	6	0	0.5	2.04	0		0.3	8.84	1	1	0
1	01/01/2021 08:20	01/01/2021 08:34	N	1	70	82	1	2.4	11.5	0	0.5	2.45	0		0.3	14.75	1	1	0
2	01/01/2021 08:39	01/01/2021 09:32	N	1	89	46	2	27.38	76	0	0.5	2.75	0		0.3	79.55	1	1	0
1	01/01/2021 08:27	01/01/2021 08:36	N	1	95	121	1	2.5	10.5	0	0.5	0	0		0.3	11.3	2	1	0
2	01/01/2021 08:08	01/01/2021 08:19	N	1	167	147	1	1.06	8.5	0	0.5	0	0		0.3	9.3	2	1	0
2	01/01/2021 08:12	01/01/2021 08:45	N	1	197	86	1	11.69	36	0	0.5	2.75	0		0.3	39.55	1	1	0
2	01/01/2021 08:45	01/01/2021 08:53	N	1	42	152	1	1.24	7	0	0.5	0	0		0.3	7.8	2	1	0
2	01/01/2021 08:55	01/01/2021 09:04	N	1	82	260	1	1.64	8	0	0.5	0	0		0.3	8.8	2	1	0
2	01/01/2021 08:08	01/01/2021 08:22	N	1	130	130	1	3.28	13	0	0.5	0	0		0.3	13.8	2	1	0
2	01/01/2021 08:32	01/01/2021 08:38	N	1	130	122	1	1.72	7.5	0	0.5	0	0		0.3	8.3	2	1	0
2	01/01/2021 09:55	01/01/2021 10:15	N	1	82	216	1	5.84	20.5	0	0.5	0	0		0.3	21.3	2	1	0
2	01/01/2021 09:03	01/01/2021 09:10	N	1	42	41	1	1.44	8	0	0.5	0	0		0.3	8.8	2	1	0
2	01/01/2021 09:16	01/01/2021 09:23	N	1	43	163	1	2.89	10	0	0.5	2.71	0		0.3	16.26	1	1	2.75
2	01/01/2021 09:04	01/01/2021 09:10	N	1	74	42	1	1.29	6.5	0	0.5	0	0		0.3	7.3	1	1	0
2	01/01/2021 09:28	01/01/2021 09:35	N	1	74	263	1	2.42	9	0	0.5	2.51	0		0.3	15.06	1	1	2.75
2	01/01/2021 09:40	01/01/2021 09:45	N	1	75	74	1	1.51	6.5	0	0.5	1.46	0		0.3	8.76	1	1	0
2	01/01/2021 10:03	01/01/2021 10:23	N	1	74	7	1	7.83	25	0	0.5	5.71	0		0.3	34.26	1	1	2.75
2	01/01/2021 09:45	01/01/2021 10:07	N	1	41	144	1	6.67	21.5	0	0.5	5.01	0		0.3	30.06	1	1	2.75
2	01/01/2021 09:53	01/01/2021 09:54	N	1	74	75	5	0.45	3.5	0	0.5	0	0		0.3	4.3	2	1	0
2	01/01/2021 09:02	01/01/2021 09:15	N	1	74	100	1	4.56	15	0	0.5	3.71	0		0.3	22.26	1	1	2.75
2	01/01/2021 09:45	01/01/2021 09:54	N	1	244	42	1	3.35	11.5	0	0.5	3.69	0		0.3	15.99	1	1	0
2	01/01/2021 09:19	01/01/2021 09:36	N	1	52	137	1	6.93	21	0	0.5	0	0		0.3	24.55	2	1	2.75
2	01/01/2021 10:12	01/01/2021 10:22	N	1	74	163	1	3.58	12	0	0.5	3.89	0		0.3	19.44	1	1	2.75
1	01/01/2021 09:15	01/01/2021 09:29	N	1	95	56	1	2.8	11.5	0	0.5	0	0		0.3	12.3	2	1	0
2	01/01/2021 09:18	01/01/2021 09:23	N	1	42	116	1	1.01	6	0	0.5	0	0		0.3	6.8	2	1	0
2	01/01/2021 09:20	01/01/2021 09:31	N	1	74	116	1	2.48	10.5	0	0.5	0	0		0.3	11.3	2	1	0
2	01/01/2021 09:03	01/01/2021 09:17	N	1	41	244	1	3.3	13.5	0	0.5	0	0		0.3	14.3	2	1	0
2	01/01/2021 09:17	01/01/2021 09:26	N	1	205	122	1	1.76	8.5	0	0.5	0	0		0.3	9.3	2	1	0
2	01/01/2021 10:31	01/01/2021 10:49	N	1	49	211	1	3.88	16.5	0	0.5	2.75	0		0.3	20.05	1	1	0
2	01/01/2021 10:24	01/01/2021 10:27	N	1	42	42	1	0.54	4.5	0	0.5	0	0		0.3	5.3	2	1	0
2	01/01/2021 10:23	01/01/2021 10:28	N	5	116	247	1	1.21	10	0	0	3.09	0		0.3	13.39	1	2	0
2	01/01/2021 10:44	01/01/2021 10:45	N	1	116	116	1	0.13	3	0	0.5	0	0		0.3	3.8	2	1	0
2	01/01/2021 10:19	01/01/2021 10:24	N	1	74	74	1	1.04	5.5	0	0.5	1.58	0		0.3	7.88	1	1	0
2	01/01/2021 10:43	01/01/2021 11:05	N	2	75	132	1	18.46	52	0	0.5	14.73	6.12		0.3	73.65	1	1	0
2	01/01/2021 10:04	01/01/2021 10:10	N	1	43	141	1	1.76	7.5	0	0.5	2	0		0.3	13.05	1	1	2.75
2	01/01/2021 10:04	01/01/2021 10:09	N	1	41	166	1	0.71	5	0	0.5	1.16	0		0.3	6.96	1	1	0
2	01/01/2021 10:33	01/01/2021 10:47	N	1	75	69	5	4.22	15	0	0.5	0	0		0.3	15.8	1	1	0
2	01/01/2021 10:20	01/01/2021 10:25	N	1	41	24	1	0.93	6	0	0.5	0	0		0.3	6.8	2	1	0
2	01/01/2021 10:21	01/01/2021 10:28	N	1	193	179	1	1.67	7.5	0	0.5	0	0		0.3	8.3	2	1	0
2	01/01/2021 10:11	01/01/2021 10:16	N	1	42	41	1	0.76	5.5	0	0.5	0	0		0.3	6.3	2	1	0
2	01/01/2021 10:20	01/01/2021 10:37	N	1	41	4	1	6.07	20	0	0.5	4	0		0.3	27.55	1	1	2.75
2	01/01/2021 10:56	01/01/2021 10:59	N	1	97	49	1	0.77	-4.5	0	-0.5	0	0		-0.3	-5.3	3	1	0
2	01/01/2021 10:56	01/01/2021 10:59	N	1	97	49	1	0.77	4.5	0	0.5	0	0		0.3	5.3	2	1	0
2	01/01/2021 10:06	01/01/2021 10:38	N	1	76	169	1	22.66	61	0	0.5	2.75	6.12		0.3	70.67	1	1	0
1	01/01/2021 10:19	01/01/2021 10:34	Y	1	74	212	1	5.9	19.5	0	0.5	4.05	0		0.3	24.35	1	1	0
1	01/01/2021 10:20	01/01/2021 10:46	N	1	243	65	1	0	38.2	0	0.5	0	0		0.3	39	1	1	0
2	01/01/2021 10:38	01/01/2021 10:44	N	1	33	97	1	1.5	7	0	0.5	0	0		0.3	7.8	2	1	0
2	01/01/2021 10:31	01/01/2021 10:49	N	1	42	259	1	8.88	27	0	0.5	0	0		0.3	27.8	1	1	0
2	01/01/2021 10:11	01/01/2021 10:23	N	1	116	238	1	2.87	12	0	0.5	0	0		0.3	15.55	2	1	2.75
2	01/01/2021 10:30	01/01/2021 11:12	N	1	213	22	2	29.22	78	0	0.5	2.75	6.12		0.3	87.67	1	1	0
2	01/01/2021 10:35	01/01/2021 10:46	N	1	41	163	1	3.6	12.5	0	0.5	0	0		0.3	16.05	2	1	2.75
2	01/01/2021 10:12	01/01/2021 10:22	N	1	74	116	1	2.26	10	0	0.5	0	0		0.3	10.8	2	1	0
2	01/01/2021 10:02	01/01/2021 10:24	N	1	74	43	1	2.68	14.5	0	0.5	0	0		0.3	15.3	2	1	0
2	01/01/2021 10:03	01/01/2021 10:10	N	1	75	194	6	2.72	9	0	0.5	0	6.12		0.3	15.92	2	1	0
2	01/01/2021 10:44	01/01/2021 11:00	N	1	42	163	1	6.34	20	0	0.5	0	0		0.3	23.55	2	1	2.75
2	01/01/2021 10:37	01/01/2021 10:38	N	1	82	82	1	0.03	2.5	0	0.5	0	0		0.3	3.3	2	1	0
2	01/01/2021 10:01	01/01/2021 10:05	N	1	122	191	1	1.08	5.5	0	0.5	0	0		0.3	6.3	2	1	0
2	01/01/2021 10:32	01/01/2021 10:40	N	1	122	191	1	1.57	7.5	0	0.5	0	0		0.3	8.3	2	1	0
2	01/01/2021 10:32	01/01/2021 10:32	N	1	74	74	1	0.08	2.5	0	0.5	0	0		0.3	3.3	2	1	0
1	01/01/2021 10:43	01/01/2021 10:46	N	1	74	74	1	0.5	4.5	0	0.5	0	0		0.3	5.3	1	1	0
1	01/01/2021 11:56	01/01/2021 11:58	N	1	74	75	1	0.8	4.5	0	0.5	1.2	0		0.3	6.5	1	1	0
2	01/01/2021 11:39	01/01/2021 11:48	N	1	20	169	2	1.67	8	0	0.5	0	0		0.3	8.8	2	1	0
2	01/01/2021 11:19	01/01/2021 11:26	N	1	74	42	1	1.58	8	0	0.5	0	0		0.3	8.8	2	1	0
2	01/01/2021 11:38	01/01/2021 11:44	N	1	42	74	1	1.42	7	0	0.5	1.56	0		0.3	9.36	1	1	0
2	01/01/2021 11:51	01/01/2021 11:58	N	1	33	33	1	1.27	6.5	0	0.5	0.01	0		0.3	7.31	1	1	0
2	01/01/2021 11:58	01/01/2021 12:04	N	1	166	41	1	1.15	6.5	0	0.5	1.46	0		0.3	8.76	1	1	0
2	01/01/2021 11:49	01/01/2021 12:04	N	1	116	47	1	3.02	13	0	0.5	0	0		0.3	13.8	2	1	0
1	01/01/2021 11:31	01/01/2021 11:42	N	1	74	24	1	1.9	9.5	0	0.5	2.05	0		0.3	12.35	1	1	0
2	01/01/2021 11:36	01/01/2021 11:42	N	1	75	41	2	1.22	6	0	0.5	1.36	0		0.3	8.16	1	1	0
2	01/01/2021 11:59	01/01/2021 12:29	N	1	95	237	1	9.79	32	0	0.5	7.11	0		0.3	42.66	1	1	2.75
2	01/01/2021 11:13	01/01/2021 11:17	N	1	41	24	1	0.6	4.5	0	0.5	0	0		0.3	5.3	2	1	0
2	01/01/2021 11:40	01/01/2021 11:45	N	1	74	41	2	0.86	5.5	0	0.5	0	0		0.3	6.3	2	1	0
2	01/01/2021 11:11	01/01/2021 11:20	N	1	65	66	1	1.54	8.5	0	0.5	2.32	0		0.3	11.62	1	1	0
2	01/01/2021 11:30	01/01/2021 11:38	N	1	65	52	1	1.32	7.5	0	0.5	2.49	0		0.3	10.79	1	1	0
2	01/01/2021 11:07	01/01/2021 11:18	N	1	74	240	1	7.06	20.5	0	0.5	0	0		0.3	21.3	2	1	0
2	01/01/2021 11:40	01/01/2021 11:49	N	5	133	97	1	6.62	21.51	0	0	2.75	0		0.3	24.56	1	1	0
2	01/01/2021 11:10	01/01/2021 11:25	N	1	7	263	1	4.67	16	0	0.5	3.91	0		0.3	23.46	1	1	2.75
2	01/01/2021 11:06	01/01/2021 11:45	N	1	169	76	1	23.34	63.5	0	0.5	2.75	6.12		0.3	73.17	1	1	0
2	01/01/2021 11:39	01/01/2021 11:41	N	1	41	41	1	0.47	4	0	0.5	0	0		0.3	4.8	2	1	0
2	01/01/2021 11:47	01/01/2021 11:58	N	5	130	138	1	6.98	21	0	0.5	4.36	0		0.3	26.16	1	1	0
2	01/01/2021 11:40	01/01/2021 12:25	N	1	22	265	2	31.27	81.5	0	0.5	2.75	0		0.3	85.05	1	1	0
1	01/01/2021 11:41	01/01/2021 11:54	N	1	95	132	1	7.8	23	0	0.5	0	0		0.3	23.8	2	1	0
2	01/01/2021 11:19	01/01/2021 11:21	N	1	74	74	1	0.62	4	0	0.5	1	0		0.3	5.8	1	1	0
2	01/01/2021 11:44	01/01/2021 11:46	N	1	74	75	1	0.78	4.5	0	0.5	0	0		0.3	5.3	2	1	0
2	01/01/2021 11:52	01/01/2021 11:52	N	5	18	18	1	0	13	0	0	0	0		0.3	13.3	1	2	0
2	01/01/2021 11:51	01/01/2021 12:36	N	1	97	86	1	23.23	63.5	0	0.5	2.75	0		0.3	67.05	1	1	0
2	01/01/2021 11:15	01/01/2021 11:20	N	1	168	42	1	0.86	5.5	0	0.5	0	0		0.3	6.3	2	1	0
2	01/01/2021 11:28	01/01/2021 11:37	N	1	42	75	1	2.48	10.5	0	0.5	2.26	0		0.3	13.56	1	1	0
2	01/01/2021 11:32	01/01/2021 11:39	N	1	189	97	2	1.35	6.5	0	0.5	0	0		0.3	7.3	2	1	0
2	01/01/2021 11:54	01/01/2021 11:55	N	1	69	69	1	0.1	-2.5	0	-0.5	0	0		-0.3	-3.3	3	1	0
2	01/01/2021 11:54	01/01/2021 11:55	N	1	69	69	1	0.1	2.5	0	0.5	0	0		0.3	3.3	2	1	0
2	01/01/2021 11:58	01/01/2021 12:05	N	1	74	168	1	1.72	8	0	0.5	0	0		0.3	8.8	2	1	0
2	01/01/2021 11:41	01/01/2021 11:48	N	1	82	129	1	2.36	9	0	0.5	0	0		0.3	9.8	2	1	0
2	01/01/2021 11:50	01/01/2021 12:08	N	1	244	138	1	9.97	29	0	0.5	0	6.12		0.3	35.92	2	1	0
1	01/01/2021 11:14	01/01/2021 11:22	N	1	74	263	1	0	14.2	0	0.5	0	0		0.3	15	1	1	0
1	01/01/2021 11:11	01/01/2021 11:18	N	1	75	237	1	0	11.2	0	0.5	0	0		0.3	12	1	1	0
1	01/01/2021 12:05	01/01/2021 12:10	N	1	74	42	1	1.3	6.5	0	0.5	0	0		0.3	7.3	2	1	0
2	01/01/2021 12:26	01/01/2021 12:33	N	1	129	138	1	3.75	12.5	0	0.5	0.1	0		0.3	13.4	1	1	0
2	01/01/2021 12:15	01/01/2021 12:15	N	1	42	42	1	0.05	2.5	0	0.5	0	0		0.3	3.3	2	1	0
2	01/01/2021 12:19	01/01/2021 12:19	N	5	264	264	1	0	7	0	0	0	0		0.3	7.3	1	2	0
2	01/01/2021 12:47	01/01/2021 13:01	N	1	247	138	1	8.33	24	0	0.5	0	6.12		0.3	30.92	2	1	0
2	01/01/2021 12:58	01/01/2021 12:59	N	1	42	42	1	0.2	3	0	0.5	0	0		0.3	3.8	2	1	0
2	01/01/2021 12:30	01/01/2021 13:00	N	1	254	132	1	22.52	59.5	0	0.5	2.75	6.12		0.3	69.17	1	1	0
2	01/01/2021 12:44	01/01/2021 12:51	N	1	97	189	1	1.28	7.5	0	0.5	1.66	0		0.3	9.96	1	1	0
2	01/01/2021 12:27	01/01/2021 12:29	N	5	195	106	1	0.49	20	0	0	0	0		0.3	20.3	1	2	0
2	01/01/2021 12:05	01/01/2021 12:29	N	1	75	74	1	4.95	20	0	0.5	0	0		0.3	23.55	2	1	2.75
2	01/01/2021 12:08	01/01/2021 12:21	N	1	95	95	2	1.88	10	0	0.5	0	0		0.3	10.8	2	1	0
2	01/01/2021 12:15	01/01/2021 12:23	N	1	7	179	2	1.1	7	0	0.5	0	0		0.3	7.8	2	1	0
2	01/01/2021 12:33	01/01/2021 12:41	N	1	7	146	1	1.58	7.5	0	0.5	0	0		0.3	8.3	2	1	0
2	01/01/2021 12:46	01/01/2021 13:00	N	1	7	262	1	4.1	14	0	0.5	4.39	0		0.3	21.94	1	1	2.75
2	01/01/2021 12:13	01/01/2021 12:14	N	1	7	179	1	0.07	2.5	0	0.5	0	0		0.3	3.3	2	1	0
1	01/01/2021 12:14	01/01/2021 12:18	N	1	85	89	0	0.8	5	0	0.5	0	0		0.3	5.8	1	1	0
1	01/01/2021 12:20	01/01/2021 12:26	N	1	74	75	1	1.8	7.5	0	0.5	1.66	0		0.3	9.96	1	1	0
2	01/01/2021 12:56	01/01/2021 13:09	N	1	33	140	1	7.96	22.5	0	0.5	6.51	0		0.3	32.56	1	1	2.75
2	01/01/2021 12:26	01/01/2021 12:33	N	1	43	237	1	2.01	8.5	0	0.5	1.2	0		0.3	13.25	1	1	2.75
2	01/01/2021 12:55	01/01/2021 13:35	N	1	265	108	2	30.88	81	0	0.5	2.75	6.12		0.3	90.67	1	1	0
2	01/01/2021 12:31	01/01/2021 12:35	N	1	43	236	1	1.14	5.5	0	0.5	1.81	0		0.3	10.86	1	1	2.75
2	01/01/2021 12:55	01/01/2021 13:32	N	1	115	44	1	17.45	51	0	0.5	2.75	0		0.3	54.55	1	1	0
2	01/01/2021 12:33	01/01/2021 12:50	N	1	244	41	1	2.65	13	0	0.5	3.45	0		0.3	17.25	1	1	0
2	01/01/2021 12:44	01/01/2021 12:50	N	1	7	179	1	1.24	6.5	0	0.5	0	0		0.3	7.3	2	1	0
2	01/01/2021 13:21	01/01/2021 13:30	N	1	130	132	5	5.75	17	0	0.5	0	0		0.3	17.8	2	1	0
2	01/01/2021 13:14	01/01/2021 13:24	N	1	33	195	1	1.48	8	0	0.5	0	0		0.3	8.8	2	1	0
2	01/01/2021 13:45	01/01/2021 13:54	N	1	42	75	1	2.09	9	0	0.5	0	0		0.3	9.8	1	1	0
1	01/01/2021 13:19	01/01/2021 13:28	N	1	41	159	1	2.2	10	0	0.5	2.15	0		0.3	12.95	1	1	0
2	01/01/2021 13:09	01/01/2021 13:17	N	1	42	41	1	1.66	8	0	0.5	0	0		0.3	8.8	2	1	0
2	01/01/2021 13:21	01/01/2021 13:26	N	1	41	74	1	0.94	5.5	0	0.5	0	0		0.3	6.3	2	1	0
2	01/01/2021 13:37	01/01/2021 13:40	N	1	41	151	1	0.72	5	0	0.5	0	0		0.3	5.8	2	1	0
2	01/01/2021 13:29	01/01/2021 13:41	N	1	74	239	1	4.38	15	0	0.5	6	0		0.3	24.55	1	1	2.75
2	01/01/2021 14:00	01/01/2021 14:13	N	1	74	238	1	2.75	11.5	0	0.5	3.01	0		0.3	18.06	1	1	2.75
2	01/01/2021 13:20	01/01/2021 13:24	N	1	43	236	1	1.38	6.5	0	0.5	2.5	0		0.3	12.55	1	1	2.75
2	01/01/2021 13:54	01/01/2021 13:57	N	1	75	74	4	1.15	5.5	0	0.5	0	0		0.3	6.3	2	1	0
2	01/01/2021 13:36	01/01/2021 14:10	N	1	196	238	1	0	19	0	0.5	0	0		0.3	22.55	2	1	2.75
2	01/01/2021 13:09	01/01/2021 13:17	N	1	130	10	1	1.62	7.5	0	0.5	1.66	0		0.3	9.96	1	1	0
2	01/01/2021 14:04	01/01/2021 14:10	N	1	41	151	1	1.16	6.5	0	0.5	0	0		0.3	7.3	2	1	0
2	01/01/2021 13:48	01/01/2021 14:29	N	1	247	227	1	19.09	54.5	0	0.5	2.75	0		0.3	58.05	1	1	0
2	01/01/2021 13:25	01/01/2021 13:32	N	5	74	236	3	2.12	10.7	0	0	0	0		0.3	13.75	2	2	2.75
2	01/01/2021 13:16	01/01/2021 13:23	N	1	132	132	1	0	6	0	0.5	0	0		0.3	6.8	2	1	0
2	01/01/2021 13:28	01/01/2021 13:54	N	1	132	213	1	18.33	49	0	0.5	2.75	6.12		0.3	58.67	1	1	0
1	01/01/2021 13:56	01/01/2021 14:08	N	1	244	20	1	3.5	12.5	0.5	0.5	0	0		0.3	13.8	2	1	0
2	01/01/2021 13:09	01/01/2021 13:19	N	1	65	12	1	2.76	10.5	0	0.5	0	0		0.3	14.05	2	1	2.75
2	01/01/2021 13:29	01/01/2021 13:34	N	1	95	95	1	1.11	5.5	0	0.5	0	0		0.3	6.3	2	1	0
1	01/01/2021 13:16	01/01/2021 13:26	N	1	75	137	1	4.7	14.5	2.75	0.5	0	0		0.3	18.05	2	1	2.75
1	01/01/2021 13:03	01/01/2021 13:13	N	1	85	190	0	1.4	8.5	0	0.5	0	0		0.3	9.3	2	1	0
1	01/01/2021 13:29	01/01/2021 13:34	N	1	74	42	1	1.2	6	0	0.5	0	0		0.3	6.8	2	1	0
1	01/01/2021 13:57	01/01/2021 14:03	N	1	152	41	1	0.9	6	0	0.5	0	0		0.3	6.8	1	1	0
2	01/01/2021 13:07	01/01/2021 13:13	N	1	41	74	5	0.97	6.5	0	0.5	0	0		0.3	7.3	2	1	0
2	01/01/2021 13:17	01/01/2021 13:25	N	1	75	142	4	2.4	9.5	0	0.5	1.96	0		0.3	15.01	1	1	2.75
2	01/01/2021 12:43	01/01/2021 12:50	N	1	41	238	1	1.41	7.5	0	0.5	0	0		0.3	11.05	2	1	2.75
2	01/01/2021 13:00	01/01/2021 13:22	N	1	41	90	1	6.64	23.5	0	0.5	0	0		0.3	27.05	1	1	2.75
1	01/01/2021 13:11	01/01/2021 13:22	N	1	133	89	1	1.3	9	0	0.5	0	0		0.3	9.8	2	1	0
1	01/01/2021 13:19	01/01/2021 13:28	Y	1	95	197	1	3.1	11.5	0	0.5	2	0		0.3	14.3	1	1	0
2	01/01/2021 13:44	01/01/2021 13:46	N	1	196	95	1	0.34	3.5	0	0.5	0	0		0.3	4.3	2	1	0
2	01/01/2021 13:33	01/01/2021 13:38	N	1	42	168	1	1.57	7	0	0.5	0	0		0.3	7.8	2	1	0
2	01/01/2021 13:48	01/01/2021 13:56	N	1	97	52	1	1.49	7.5	0	0.5	2.49	0		0.3	10.79	1	1	0
2	01/01/2021 13:56	01/01/2021 14:06	N	1	74	166	1	2.02	9.5	0	0.5	2	0		0.3	12.3	1	1	0
1	01/01/2021 13:26	01/01/2021 13:40	N	1	75	143	1	2.8	12	3.75	0.5	10	0		0.3	26.55	1	1	2.75
2	01/01/2021 13:30	01/01/2021 13:45	N	1	74	248	1	5.39	18	0	0.5	0	0		0.3	18.8	2	1	0
1	01/01/2021 13:22	01/01/2021 13:32	N	1	75	143	1	2.3	9.5	2.75	0.5	2.6	0		0.3	15.65	1	1	2.75
2	01/01/2021 14:04	01/01/2021 14:52	N	1	44	115	1	17.44	55.5	0	0.5	2.75	0		0.3	59.05	1	1	0
2	01/01/2021 13:11	01/01/2021 13:25	N	1	56	10	1	7.12	21	0	0.5	0	0		0.3	21.8	2	1	0
2	01/01/2021 13:06	01/01/2021 13:12	N	1	41	238	1	1.64	7	0	0.5	0	0		0.3	10.55	2	1	2.75
2	01/01/2021 13:42	01/01/2021 13:51	N	1	82	82	1	1.15	7.5	0	0.5	0	0		0.3	8.3	2	1	0
2	01/01/2021 13:40	01/01/2021 13:47	N	1	42	41	1	1.35	7.5	0	0.5	0	0		0.3	8.3	2	1	0
2	01/01/2021 13:28	01/01/2021 13:58	N	1	41	265	1	15.8	45	0	0.5	0	0		0.3	45.8	2	1	0
2	01/01/2021 13:14	01/01/2021 13:18	N	1	167	159	1	1.13	6	0	0.5	0	0		0.3	6.8	1	1	0
2	01/01/2021 14:09	01/01/2021 14:16	N	1	60	126	1	1.89	8	0	0.5	5	0		0.3	13.8	1	1	0
1	01/01/2021 14:57	01/01/2021 15:35	Y	1	210	233	1	0	49.2	0	0.5	0	0		0.3	50	1	1	0
2	01/01/2021 14:19	01/01/2021 14:22	N	1	33	33	1	0.64	4	0	0.5	0	0		0.3	4.8	2	1	0
2	01/01/2021 14:55	01/01/2021 15:03	N	1	33	97	1	1.29	7	0	0.5	0.78	0		0.3	8.58	1	1	0
2	01/01/2021 14:28	01/01/2021 14:44	N	1	41	47	1	3.51	14.5	0	0.5	0	0		0.3	15.3	2	1	0
2	01/01/2021 14:12	01/01/2021 14:14	N	1	43	236	1	0.73	4.5	0	0.5	2.01	0		0.3	10.06	1	1	2.75
2	01/01/2021 14:20	01/01/2021 14:30	N	1	41	42	1	1.98	9.5	0	0.5	0	0		0.3	10.3	2	1	0
2	01/01/2021 14:37	01/01/2021 14:39	N	1	42	42	1	0.48	3.5	0	0.5	0	0		0.3	4.3	2	1	0
2	01/01/2021 14:59	01/01/2021 15:00	N	1	42	42	1	0	2.5	0	0.5	0	0		0.3	3.3	2	1	0
2	01/01/2021 14:13	01/01/2021 14:22	N	1	41	151	1	1.3	8.5	0	0.5	1.86	0		0.3	11.16	1	1	0
1	01/01/2021 14:32	01/01/2021 14:39	N	1	74	236	1	1.8	7.5	2.75	0.5	0	0		0.3	11.05	2	1	2.75
1	01/01/2021 14:45	01/01/2021 14:52	N	1	74	42	1	1.4	7	0	0.5	2.3	0		0.3	10.1	1	1	0
2	01/01/2021 14:03	01/01/2021 14:05	N	1	74	74	5	0.48	4	0	0.5	0	0		0.3	4.8	2	1	0
2	01/01/2021 15:03	01/01/2021 15:10	N	1	196	56	1	0	5.5	0	0.5	0	0		0.3	6.3	1	1	0
2	01/01/2021 14:53	01/01/2021 15:04	N	1	244	143	2	5.28	17	0	0.5	2.8	0		0.3	23.35	1	1	2.75
2	01/01/2021 14:20	01/01/2021 14:23	N	1	43	236	6	1.28	5.5	0	0.5	1.7	0		0.3	10.75	1	1	2.75
2	01/01/2021 14:48	01/01/2021 14:50	N	1	42	42	1	0.36	3.5	0	0.5	0	0		0.3	4.3	2	1	0
2	01/01/2021 15:01	01/01/2021 15:06	N	1	42	41	1	0.83	5.5	0	0.5	1.26	0		0.3	7.56	1	1	0
2	01/01/2021 14:33	01/01/2021 15:08	N	1	227	197	1	23.87	64	0	0.5	2.75	0		0.3	67.55	1	1	0
2	01/01/2021 14:57	01/01/2021 15:13	N	1	97	61	1	2.66	13	0	0.5	3.45	0		0.3	17.25	1	1	0
1	01/01/2021 14:06	01/01/2021 14:15	N	1	41	152	1	1.3	7.5	0	0.5	0	0		0.3	8.3	2	1	0
2	01/01/2021 14:24	01/01/2021 14:27	N	1	7	7	1	0.58	4.5	0	0.5	0	0		0.3	5.3	2	1	0
1	01/01/2021 14:06	01/01/2021 14:17	N	1	181	61	0	2.5	11	0	0.5	0	0		0.3	11.8	2	1	0
1	01/01/2021 14:33	01/01/2021 14:37	N	1	61	225	0	1	5	0	0.5	0	0		0.3	5.8	2	1	0
1	01/01/2021 14:30	01/01/2021 14:38	N	1	74	263	1	2.1	8.5	2.75	0.5	1.21	0		0.3	13.26	1	1	2.75
2	01/01/2021 14:03	01/01/2021 14:06	N	1	66	33	5	0.51	4	0	0.5	1.44	0		0.3	6.24	1	1	0
2	01/01/2021 14:52	01/01/2021 14:59	N	1	65	49	5	1.25	7	0	0.5	5	0		0.3	12.8	1	1	0
2	01/01/2021 14:13	01/01/2021 14:18	N	1	225	177	1	0.96	5.5	0	0.5	0	0		0.3	6.3	2	1	0
2	01/01/2021 13:57	01/01/2021 14:02	N	1	41	74	1	0.87	5.5	0	0.5	0	0		0.3	6.3	2	1	0
2	01/01/2021 14:09	01/01/2021 15:05	N	1	55	129	2	26.88	78.5	0	0.5	2.75	0		0.3	82.05	1	1	0
2	01/01/2021 14:30	01/01/2021 14:43	N	1	159	244	1	2.98	12.5	0	0.5	2.66	0		0.3	15.96	1	1	0
2	01/01/2021 14:35	01/02/2021 14:04	N	1	134	152	1	13.06	37.5	0	0.5	0	6.12		0.3	44.42	2	1	0
2	01/01/2021 14:15	01/01/2021 14:15	N	1	41	41	1	0	2.5	0	0.5	1	0		0.3	4.3	1	1	0
2	01/01/2021 14:47	01/01/2021 14:56	N	1	74	166	1	1.95	8	0	0.5	0	0		0.3	8.8	2	1	0
2	01/01/2021 14:26	01/01/2021 14:31	N	1	74	43	1	1.18	6	0	0.5	1.36	0		0.3	8.16	1	1	0
2	01/01/2021 14:21	01/01/2021 14:27	N	1	82	260	1	1.27	6.5	0	0.5	2.19	0		0.3	9.49	1	1	0
2	01/01/2021 14:52	01/01/2021 15:14	N	1	7	143	1	5	19	0	0.5	0	0		0.3	22.55	2	1	2.75
2	01/01/2021 14:15	01/01/2021 14:36	N	1	24	235	1	6.08	21.5	0	0.5	2.75	0		0.3	25.05	1	1	0
2	01/01/2021 14:05	01/01/2021 14:10	N	1	41	74	1	0.91	5.5	0	0.5	2	0		0.3	8.3	1	1	0
2	01/01/2021 14:56	01/01/2021 15:04	N	1	74	263	1	2.4	9	0	0.5	2.51	0		0.3	15.06	1	1	2.75
1	01/01/2021 14:07	01/01/2021 14:23	N	1	213	42	1	0	24.2	0	0.5	0	0		0.3	25	1	1	0
1	01/01/2021 14:32	01/01/2021 14:33	N	5	41	41	1	0	0	0	0	0	0		0	0	3	2	0
1	01/01/2021 14:34	01/01/2021 14:34	N	5	41	41	1	0	0	0	0	0	0		0	0	3	2	0
1	01/01/2021 14:34	01/01/2021 14:35	N	5	41	41	1	0	10	0	0	2	0		0	12	1	2	0
1	01/01/2021 15:27	01/01/2021 15:38	N	1	74	152	1	1.7	9	0	0.5	2.45	0		0.3	12.25	1	1	0
2	01/01/2021 15:23	01/01/2021 15:31	N	1	43	239	1	2.24	9	0	0.5	0	0		0.3	12.55	2	1	2.75
2	01/01/2021 15:23	01/01/2021 15:48	N	1	134	223	5	10.19	30	0	0.5	0	0		0.3	30.8	2	1	0
2	01/01/2021 15:01	01/01/2021 15:30	N	4	157	265	1	16.83	49.5	0	0.5	0	6.12		0.3	58.37	1	1	0
1	01/01/2021 15:23	01/01/2021 15:31	N	1	74	151	1	1.8	8	0	0.5	0	0		0.3	8.8	2	1	0
2	01/01/2021 15:18	01/01/2021 15:23	N	1	43	237	1	1.5	6	0	0.5	2.86	0		0.3	12.41	1	1	2.75
2	01/01/2021 15:38	01/01/2021 15:44	N	1	75	166	1	1.3	6.5	0	0.5	1.82	0		0.3	9.12	1	1	0
2	01/01/2021 15:53	01/01/2021 16:01	N	1	97	97	1	1.18	7	0	0.5	0	0		0.3	7.8	2	1	0
2	01/01/2021 15:46	01/01/2021 15:52	N	1	152	41	3	0.97	6	0	0.5	0	0		0.3	6.8	2	1	0
2	01/01/2021 15:38	01/01/2021 15:43	N	1	42	42	1	0.69	5.5	0	0.5	0	0		0.3	6.3	2	1	0
2	01/01/2021 15:48	01/01/2021 15:53	N	1	42	42	1	0.86	5.5	0	0.5	0	0		0.3	6.3	2	1	0
2	01/01/2021 16:00	01/01/2021 16:04	N	1	41	151	1	0.73	5	0	0.5	0	0		0.3	5.8	2	1	0
2	01/01/2021 15:20	01/01/2021 15:26	N	1	41	75	1	0.82	6	0	0.5	0	0		0.3	6.8	2	1	0
2	01/01/2021 15:04	01/01/2021 19:49	N	1	55	55	1	38.77	195	0	0.5	4.2	0		0.3	200	1	1	0
1	01/01/2021 15:23	01/01/2021 15:31	N	1	74	236	3	2.3	9	2.75	0.5	2.5	0		0.3	15.05	1	1	2.75
2	01/01/2021 15:18	01/01/2021 15:38	N	1	75	87	5	8.77	27	0	0.5	0	0		0.3	30.55	2	1	2.75
1	01/01/2021 15:33	01/01/2021 15:42	N	1	74	244	1	3.8	13	0	0.5	2.75	0		0.3	16.55	1	1	0
2	01/01/2021 15:57	01/01/2021 16:06	N	1	244	120	5	1.32	8	0	0.5	0	0		0.3	8.8	2	1	0
2	01/01/2021 15:52	01/01/2021 15:53	N	1	74	74	1	0.29	-3	0	-0.5	0	0		-0.3	-3.8	3	1	0
2	01/01/2021 15:52	01/01/2021 15:53	N	1	74	74	1	0.29	3	0	0.5	0	0		0.3	3.8	2	1	0
2	01/01/2021 15:14	01/01/2021 15:50	N	1	197	74	1	15.21	44.5	0	0.5	2.75	0		0.3	48.05	1	1	0
2	01/01/2021 15:56	01/01/2021 16:27	N	1	74	227	1	16.11	44.5	0	0.5	2.75	0		0.3	48.05	1	1	0
2	01/01/2021 15:34	01/01/2021 15:40	N	1	97	189	1	0.95	6	0	0.5	1.36	0		0.3	8.16	1	1	0
2	01/01/2021 15:51	01/01/2021 16:20	N	1	97	225	1	4.63	20.5	0	0.5	0	0		0.3	21.3	2	1	0
2	01/01/2021 15:37	01/01/2021 15:37	N	5	225	264	2	0.13	35	0	0	2	0		0.3	37.3	1	2	0
2	01/01/2021 15:48	01/01/2021 16:22	N	5	196	43	1	9.12	40	0	0	0	0		0.3	43.05	2	2	2.75
2	01/01/2021 15:05	01/01/2021 15:10	N	1	42	152	1	1.11	6	0	0.5	0	0		0.3	6.8	2	1	0
2	01/01/2021 15:13	01/01/2021 15:22	N	1	181	189	1	1.31	7.5	0	0.5	2.08	0		0.3	10.38	1	1	0
2	01/01/2021 15:20	01/01/2021 15:42	N	1	166	220	1	0	13.5	0	0.5	0	0		0.3	14.3	2	1	0
2	01/01/2021 15:21	01/01/2021 15:28	N	1	74	236	1	1.68	7	0	0.5	0	0		0.3	10.55	2	1	2.75
2	01/01/2021 15:42	01/01/2021 15:44	N	1	244	116	1	0.69	4.5	0	0.5	0	0		0.3	5.3	2	1	0
2	01/01/2021 18:40	01/01/2021 18:42	N	1	41	41	1	0.35	-3	0	-0.5	0	0		-0.3	-3.8	3	1	0
2	01/01/2021 15:17	01/01/2021 15:22	N	1	92	93	1	0.83	5.5	0	0.5	0	0		0.3	6.3	2	1	0
2	01/01/2021 15:46	01/01/2021 16:25	N	1	130	61	1	7.15	28.5	0	0.5	0	0		0.3	29.3	1	1	0
1	01/01/2021 15:50	01/01/2021 16:19	N	1	181	239	0	8.4	28.5	2.75	0.5	6.4	0		0.3	38.45	1	1	2.75
1	01/01/2021 15:24	01/01/2021 15:42	N	1	74	244	1	3.6	15	0	0.5	0	0		0.3	15.8	2	1	0
2	01/01/2021 15:29	01/01/2021 15:29	N	5	264	264	1	0	8	0	0	0.08	0		0.3	8.38	1	2	0
2	01/01/2021 15:28	01/01/2021 15:38	N	1	41	166	1	1.59	9	0	0.5	1.47	0		0.3	11.27	1	1	0
2	01/01/2021 15:25	01/01/2021 15:46	N	1	42	246	1	6.82	23	0	0.5	0	0		0.3	26.55	1	1	2.75
2	01/01/2021 15:39	01/01/2021 16:11	N	1	130	182	1	15.32	45	0	0.5	2.75	6.12		0.3	54.67	1	1	0
2	01/01/2021 15:18	01/01/2021 15:34	N	1	17	66	1	3.43	13.5	0	0.5	0	0		0.3	14.3	2	1	0
2	01/01/2021 15:09	01/01/2021 15:11	N	5	247	247	2	0.2	25	0	0	0	0		0.3	25.3	1	2	0
2	01/01/2021 15:26	01/01/2021 15:34	N	1	74	42	1	1.57	8	0	0.5	1.76	0		0.3	10.56	1	1	0
2	01/01/2021 15:28	01/01/2021 15:50	N	1	129	213	2	10.05	30	0	0.5	2.75	6.12		0.3	39.67	1	1	0
2	01/01/2021 16:00	01/01/2021 16:50	N	1	213	89	2	22.35	63	0	0.5	2.75	0		0.3	66.55	1	1	0
1	01/01/2021 15:17	01/01/2021 15:17	Y	99	145	264	1	0	0	0	0	0	0		0	0	2	1	0
2	01/01/2021 15:01	01/01/2021 15:04	N	1	41	41	1	0.4	4	0	0.5	0	0		0.3	4.8	2	1	0
2	01/01/2021 15:21	01/01/2021 15:27	N	1	74	74	1	1.13	6.5	0	0.5	1.46	0		0.3	8.76	1	1	0
2	01/01/2021 15:37	01/01/2021 15:47	N	1	74	42	1	1.83	9.5	0	0.5	1.08	0		0.3	11.38	1	1	0
2	01/01/2021 15:09	01/01/2021 15:15	N	1	119	116	1	1.59	7	0	0.5	0	0		0.3	7.8	1	1	0
2	01/01/2021 15:47	01/01/2021 16:08	N	1	95	256	1	9.61	29	0	0.5	0	0		0.3	29.8	2	1	0
2	01/01/2021 15:07	01/01/2021 15:17	N	1	74	116	1	2.15	9.5	0	0.5	0	0		0.3	10.3	2	1	0
2	01/01/2021 15:36	01/01/2021 17:13	N	1	136	72	1	24.79	90	0	0.5	2.75	6.12		0.3	99.67	1	1	0
2	01/01/2021 15:35	01/01/2021 15:47	N	1	42	43	1	2.68	11.5	0	0.5	0	0		0.3	12.3	2	1	0
1	01/01/2021 15:20	01/01/2021 15:25	N	1	41	42	1	1.3	6.5	0	0.5	2	0		0.3	9.3	1	1	0
1	01/01/2021 15:39	01/01/2021 15:46	N	1	41	238	3	1.3	7	1	0.5	0	0		0.3	8.8	1	1	0
2	01/01/2021 14:58	01/01/2021 15:12	N	1	7	226	1	2.22	10.5	0	0.5	2.26	0		0.3	13.56	1	1	0
2	01/01/2021 15:20	01/01/2021 15:25	N	1	134	28	1	1.11	5.5	0	0.5	1.58	0		0.3	7.88	1	1	0
2	01/01/2021 15:23	01/01/2021 15:32	N	1	24	75	1	1.56	8	0	0.5	0	0		0.3	8.8	2	1	0
2	01/01/2021 15:27	01/01/2021 15:40	N	1	74	238	1	3.16	12	0	0.5	3.11	0		0.3	18.66	1	1	2.75
2	01/01/2021 15:22	01/01/2021 15:47	N	1	95	113	1	12.13	35	0	0.5	13.4	6.12		0.3	58.07	1	1	2.75
2	01/01/2021 15:10	01/01/2021 15:26	N	1	75	152	1	3.37	14	0	0.5	0	0		0.3	14.8	2	1	0
2	01/01/2021 15:58	01/01/2021 16:19	N	1	66	181	1	3.87	15.5	0	0.5	3.26	0		0.3	19.56	1	1	0
1	01/01/2021 16:09	01/01/2021 16:13	N	1	95	95	1	0.9	5	1	0.5	2	0		0.3	8.8	1	1	0
1	01/01/2021 16:31	01/01/2021 16:37	N	1	95	95	1	0.8	6	1	0.5	0	0		0.3	7.8	2	1	0
2	01/01/2021 16:00	01/01/2021 16:06	N	1	75	74	1	1.49	7	0	0.5	0	0		0.3	7.8	2	1	0
2	01/01/2021 16:11	01/01/2021 16:21	N	1	74	238	1	2.04	9.5	0	0.5	2.06	0		0.3	12.36	1	1	0
2	01/01/2021 16:30	01/01/2021 16:40	N	1	236	137	1	4.37	14.5	0	0.5	0	0		0.3	18.05	2	1	2.75
2	01/01/2021 16:12	01/01/2021 16:20	N	1	41	75	1	1.51	7.5	0	0.5	2.49	0		0.3	10.79	1	1	0
1	01/01/2021 16:21	01/01/2021 16:23	N	1	75	74	1	0.4	3.5	0	0.5	1.05	0		0.3	5.35	1	1	0
1	01/01/2021 16:33	01/01/2021 16:39	N	1	129	82	1	1.1	6	0	0.5	2	0		0.3	8.8	1	1	0
1	01/01/2021 16:50	01/01/2021 17:09	N	1	129	179	1	3.8	16	0	0.5	0	0		0.3	16.8	2	1	0
2	01/01/2021 16:09	01/01/2021 16:29	N	1	25	228	1	2.04	14	0	0.5	2.75	0		0.3	17.55	1	1	0
2	01/01/2021 16:56	01/01/2021 17:54	N	1	228	61	1	22.74	67	0	0.5	2.75	0		0.3	70.55	1	1	0
2	01/01/2021 16:13	01/01/2021 16:19	N	1	41	166	1	0.88	6	0	0.5	0	0		0.3	6.8	1	1	0
2	01/01/2021 16:26	01/01/2021 16:28	N	1	166	166	1	0.47	3.5	0	0.5	0	0		0.3	4.3	2	1	0
2	01/01/2021 16:37	01/01/2021 16:44	N	1	41	42	1	1.4	7	0	0.5	1	0		0.3	8.8	1	1	0
2	01/01/2021 16:03	01/01/2021 16:09	N	1	7	179	1	1.08	6.5	0	0.5	0	0		0.3	7.3	2	1	0
2	01/01/2021 16:31	01/01/2021 17:13	N	1	227	134	1	24.66	66.5	1	0.5	2.75	0		0.3	71.05	1	1	0
2	01/01/2021 16:31	01/01/2021 16:48	N	1	61	72	1	3.17	14	0	0.5	0	0		0.3	14.8	2	1	0
2	01/01/2021 16:40	01/01/2021 16:46	N	1	7	7	1	0.96	6	0	0.5	0	0		0.3	6.8	1	1	0
2	01/01/2021 16:22	01/01/2021 16:29	N	1	95	95	1	1.19	6.5	0	0.5	0	0		0.3	7.3	2	1	0
2	01/01/2021 16:20	01/01/2021 16:40	N	1	97	225	1	3.44	14.5	1	0.5	0	0		0.3	16.3	2	1	0
2	01/01/2021 16:35	01/01/2021 16:35	N	5	69	264	1	0.15	10	0	0	0	0		0.3	10.3	1	2	0
2	01/01/2021 16:28	01/01/2021 16:41	N	1	74	7	1	4.12	15	0	0.5	4	6.12		0.3	25.92	1	1	0
1	01/01/2021 16:32	01/01/2021 16:35	N	1	75	74	1	1	4.5	1	0.5	0	0		0.3	6.3	2	1	0
1	01/01/2021 16:37	01/01/2021 16:50	N	1	74	238	1	2.9	12	3.75	0.5	3	0		0.3	19.55	1	1	2.75
2	01/01/2021 16:40	01/01/2021 17:00	N	5	82	75	1	7.54	21.77	0	0	3.05	6.12		0.3	31.24	1	1	0
2	01/01/2021 16:53	01/01/2021 17:03	N	1	95	95	1	1.26	8.5	0	0.5	0	0		0.3	9.3	1	1	0
1	01/01/2021 16:03	01/01/2021 16:13	N	1	152	41	1	1.6	9	0	0.5	0	0		0.3	9.8	4	1	0
2	01/01/2021 16:15	01/01/2021 16:21	N	1	42	41	1	1.18	6.5	0	0.5	0	0		0.3	7.3	1	1	0
2	01/01/2021 16:31	01/01/2021 16:50	N	1	42	42	1	3.14	14.5	0	0.5	0	0		0.3	15.3	2	1	0
2	01/01/2021 16:14	01/01/2021 17:12	N	1	182	182	1	0.51	31.5	0	0.5	2.75	0		0.3	35.05	1	1	0
2	01/01/2021 16:10	01/01/2021 16:43	N	1	65	152	1	10.65	35	1	0.5	9.89	0		0.3	49.44	1	1	2.75
2	01/01/2021 16:15	01/01/2021 16:20	N	1	52	40	1	1.05	5.5	0	0.5	0	0		0.3	6.3	2	1	0
2	01/01/2021 16:25	01/01/2021 16:52	N	1	40	162	1	8.24	27	0	0.5	6.11	0		0.3	36.66	1	1	2.75
2	01/01/2021 15:39	01/02/2021 14:53	N	1	74	262	1	2.74	11.5	0	0.5	2	0		0.3	17.05	1	1	2.75
2	01/01/2021 16:36	01/01/2021 17:00	N	1	196	258	1	4.69	18.5	0	0.5	0	0		0.3	19.3	2	1	0
2	01/01/2021 16:25	01/01/2021 16:48	N	1	42	65	1	11.83	33.5	0	0.5	3.7	0		0.3	40.75	1	1	2.75
2	01/01/2021 16:51	01/01/2021 17:03	N	1	74	262	1	2.51	10.5	0	0.5	3.51	0		0.3	17.56	1	1	2.75
2	01/01/2021 16:30	01/01/2021 17:08	N	1	86	197	1	11.55	38	0	0.5	2.75	0		0.3	41.55	1	1	0
2	01/01/2021 14:32	01/02/2021 13:44	N	1	95	130	1	2.81	11.5	0	0.5	2.46	0		0.3	14.76	1	1	0
2	01/01/2021 16:33	01/01/2021 16:52	N	1	95	56	1	2.76	14	0	0.5	2.96	0		0.3	17.76	1	1	0
2	01/01/2021 16:33	01/01/2021 16:37	N	1	74	41	1	0.82	5	0	0.5	0	0		0.3	5.8	2	1	0
2	01/01/2021 16:08	01/01/2021 16:20	N	1	41	41	1	2.78	11.5	0	0.5	3.69	0		0.3	15.99	1	1	0
2	01/01/2021 16:45	01/01/2021 16:52	N	1	7	7	1	0.97	6	0	0.5	1.36	0		0.3	8.16	1	1	0
2	01/01/2021 16:13	01/01/2021 16:18	N	1	244	116	1	1.32	6.5	1	0.5	1.66	0		0.3	9.96	1	1	0
2	01/01/2021 16:20	01/01/2021 16:23	N	1	263	263	1	0.46	4	0	0.5	0	0		0.3	7.55	1	1	2.75
2	01/01/2021 16:37	01/01/2021 16:48	N	1	74	141	1	2.8	10.5	1	0.5	0	0		0.3	15.05	2	1	2.75
2	01/01/2021 16:28	01/01/2021 16:35	N	1	74	168	1	1.36	7.5	0	0.5	1.66	0		0.3	9.96	1	1	0
2	01/01/2021 16:52	01/01/2021 16:58	N	1	41	41	1	0.7	6	0	0.5	1.36	0		0.3	8.16	1	1	0
2	01/01/2021 16:40	01/01/2021 16:49	N	1	95	135	1	1.55	8	0	0.5	4	0		0.3	12.8	1	1	0
2	01/01/2021 16:46	01/01/2021 16:53	N	1	95	95	5	0.99	6.5	0	0.5	1.46	0		0.3	8.76	1	1	0
2	01/01/2021 17:33	01/01/2021 18:43	N	1	127	155	1	26.04	76.5	0	0.5	2.75	0		0.3	80.05	1	1	0
2	01/01/2021 17:32	01/01/2021 17:41	N	1	33	33	1	0.98	7	0	0.5	0	0		0.3	7.8	2	1	0
2	01/01/2021 17:58	01/01/2021 18:08	N	1	74	263	1	2.71	10	0	0.5	0	0		0.3	13.55	2	1	2.75
1	01/01/2021 17:08	01/01/2021 17:14	N	1	95	95	1	0.5	5.5	1	0.5	0	0		0.3	7.3	2	1	0
1	01/01/2021 17:22	01/01/2021 17:31	N	1	95	134	1	1.6	8	1	0.5	0	0		0.3	9.8	2	1	0
2	01/01/2021 17:07	01/01/2021 17:29	N	1	74	68	1	7.06	23	0	0.5	0	0		0.3	26.55	2	1	2.75
2	01/01/2021 17:49	01/01/2021 17:56	N	1	166	42	1	1.1	6.5	0	0.5	0	0		0.3	7.3	2	1	0
1	01/01/2021 17:30	01/01/2021 17:37	N	1	74	166	1	0.9	6	0	0.5	0	0		0.3	6.8	1	1	0
2	01/01/2021 17:36	01/01/2021 17:55	N	1	130	38	1	4.83	17.5	0	0.5	0	0		0.3	18.3	2	1	0
2	01/01/2021 17:17	01/01/2021 17:44	N	1	134	247	1	14.69	41	1	0.5	2.75	6.12		0.3	51.67	1	1	0
2	01/01/2021 17:23	01/01/2021 17:32	N	1	75	151	1	1.67	8	0	0.5	2.2	0		0.3	11	1	1	0
2	01/01/2021 17:40	01/01/2021 17:59	N	1	166	60	1	3.22	16.5	0	0.5	0	0		0.3	17.3	2	1	0
2	01/01/2021 17:43	01/01/2021 17:49	N	1	75	238	1	1.36	6.5	0	0.5	1.46	0		0.3	8.76	1	1	0
2	01/01/2021 17:06	01/01/2021 17:27	N	1	130	180	1	3.53	16	0	0.5	3.36	0		0.3	20.16	1	1	0
2	01/01/2021 17:29	01/01/2021 17:36	N	1	74	41	1	0.78	6.5	0	0.5	2.19	0		0.3	9.49	1	1	0
2	01/01/2021 17:55	01/01/2021 18:56	N	1	69	69	1	9.64	42	0	0.5	2.75	0		0.3	45.55	1	1	0
2	01/01/2021 16:24	01/01/2021 16:39	N	1	97	225	2	2.75	11.5	1	0.5	0	0		0.3	13.3	2	1	0
2	01/01/2021 17:23	01/01/2021 17:29	N	1	42	41	1	1.18	6.5	0	0.5	0	0		0.3	7.3	1	1	0
2	01/01/2021 17:40	01/01/2021 17:45	N	1	61	61	1	0.42	4.5	0	0.5	0	0		0.3	5.3	1	1	0
2	01/01/2021 17:16	01/01/2021 17:35	N	1	167	248	1	2.52	11	0	0.5	0	0		0.3	11.8	2	1	0
2	01/01/2021 17:14	01/01/2021 17:50	N	1	182	82	1	18.52	53.5	0	0.5	2.75	6.12		0.3	63.17	1	1	0
2	01/01/2021 17:00	01/01/2021 17:07	N	1	130	28	2	2.08	8	0	0.5	0	0		0.3	8.8	2	1	0
2	01/01/2021 17:20	01/02/2021 17:07	N	1	130	197	1	2.65	11	0	0.5	0	0		0.3	11.8	2	1	0
2	01/01/2021 17:49	01/01/2021 18:01	N	1	74	262	1	2.36	10.5	0	0.5	1	0		0.3	15.05	1	1	2.75
2	01/01/2021 17:01	01/01/2021 17:13	N	1	74	239	1	3.41	12	0	0.5	4.66	0		0.3	20.21	1	1	2.75
2	01/01/2021 17:42	01/01/2021 17:59	N	1	42	169	1	3.91	15	0	0.5	0	0		0.3	15.8	2	1	0
2	01/01/2021 17:49	01/01/2021 17:54	N	1	7	179	2	0.55	5.5	0	0.5	0	0		0.3	6.3	2	1	0
2	01/01/2021 17:56	01/01/2021 18:26	N	1	179	37	2	14.71	42	0	0.5	12.84	0		0.3	55.64	1	1	0
2	01/01/2021 17:30	01/01/2021 17:31	N	1	82	82	1	0	2.5	1	0.5	5.7	0		0.3	10	1	1	0
2	01/01/2021 17:35	01/01/2021 17:44	N	1	74	74	1	1.17	7.5	0	0.5	1	0		0.3	9.3	1	1	0
2	01/01/2021 17:47	01/01/2021 17:51	N	1	74	75	1	1.34	5.5	0	0.5	1.26	0		0.3	7.56	1	1	0
2	01/01/2021 17:34	01/01/2021 17:38	N	1	116	42	1	0.5	4.5	0	0.5	1.06	0		0.3	6.36	1	1	0
2	01/01/2021 17:34	01/01/2021 17:45	N	1	74	140	1	3.02	11	1	0.5	3.11	0		0.3	18.66	1	1	2.75
2	01/01/2021 17:03	01/01/2021 17:12	N	1	75	238	1	1.93	9	0	0.5	3.14	0		0.3	15.69	1	1	2.75
2	01/01/2021 17:29	01/01/2021 17:47	N	1	74	79	1	7.55	22.5	0	0.5	0	0		0.3	26.05	2	1	2.75
2	01/01/2021 17:59	01/01/2021 18:27	N	5	74	212	1	8.51	15	0	0	0	0		0.3	15.3	2	2	0
2	01/01/2021 18:14	01/01/2021 18:24	N	1	244	69	2	1.77	9	0	0.5	1.96	0		0.3	11.76	1	1	0
1	01/01/2021 18:34	01/01/2021 18:49	N	1	74	142	1	3.7	13.5	2.75	0.5	0	0		0.3	17.05	2	1	2.75
1	01/01/2021 18:39	01/01/2021 18:43	N	1	173	56	1	0.5	4.5	0	0.5	0	0		0.3	5.3	1	1	0
2	01/01/2021 18:24	01/01/2021 18:45	N	1	244	48	2	7.03	23.5	0	0.5	0	0		0.3	27.05	2	1	2.75
2	01/01/2021 18:22	01/01/2021 18:28	N	1	130	215	1	1.33	6.5	0	0.5	2	0		0.3	9.3	1	1	0
2	01/01/2021 18:15	01/01/2021 18:36	N	1	82	226	1	3.34	16	0	0.5	0	0		0.3	16.8	1	1	0
2	01/01/2021 18:40	01/01/2021 18:40	N	1	41	41	1	0.06	2.5	0	0.5	0	0		0.3	3.3	2	1	0
2	01/01/2021 18:55	01/01/2021 19:09	N	1	42	179	1	4.85	16.5	0	0.5	0	6.12		0.3	23.42	2	1	0
2	01/01/2021 18:21	01/01/2021 18:44	N	1	75	244	1	4.86	19.5	0	0.5	2	0		0.3	22.3	1	1	0
2	01/01/2021 18:14	01/01/2021 18:22	N	1	97	189	1	1.22	7	1	0.5	2.64	0		0.3	11.44	1	1	0
1	01/01/2021 18:51	01/01/2021 18:59	N	1	43	74	1	1.2	7	1	0.5	0	0		0.3	8.8	2	1	0
2	01/01/2021 17:58	01/01/2021 18:05	N	1	74	236	1	2.17	8.5	0	0.5	2.41	0		0.3	14.46	1	1	2.75
2	01/01/2021 18:29	01/01/2021 18:38	N	1	74	42	1	1.37	7.5	0	0.5	1.66	0		0.3	9.96	1	1	0
2	01/01/2021 18:39	01/01/2021 18:46	N	1	75	74	1	1.55	7	0	0.5	0	0		0.3	7.8	2	1	0
2	01/01/2021 18:04	01/01/2021 18:46	N	1	241	213	1	9.17	35	0	0.5	2.75	0		0.3	38.55	1	1	0
2	01/01/2021 17:37	01/01/2021 17:53	N	1	97	256	2	3.8	15	1	0.5	2	0		0.3	18.8	1	1	0
1	01/01/2021 18:29	01/01/2021 18:39	N	5	129	93	1	3.7	14	0	0	1	0		0	15	1	2	0
2	01/01/2021 18:31	01/01/2021 18:36	N	1	74	74	5	0.71	5.5	0	0.5	2	0		0.3	8.3	1	1	0
2	01/01/2021 18:39	01/01/2021 18:51	N	1	74	116	5	2.45	10.5	0	0.5	0	0		0.3	11.3	1	1	0
2	01/01/2021 18:59	01/01/2021 19:22	N	1	152	231	5	8.92	27.5	0	0.5	6.21	0		0.3	37.26	1	1	2.75
2	01/01/2021 18:15	01/01/2021 18:42	N	1	82	75	1	12.08	36	0	0.5	2.75	6.12		0.3	45.67	1	1	0
2	01/01/2021 18:44	01/01/2021 20:05	N	1	75	130	1	15.33	65	0	0.5	2.75	6.12		0.3	74.67	1	1	0
2	01/01/2021 18:51	01/01/2021 19:00	N	1	130	10	1	2.09	9	0	0.5	0	0		0.3	9.8	1	1	0
2	01/01/2021 18:00	01/01/2021 18:22	N	1	7	80	1	4.24	18	0	0.5	1.08	0		0.3	19.88	1	1	0
2	01/01/2021 18:40	01/01/2021 18:42	N	1	41	41	1	0.35	3	0	0.5	0	0		0.3	3.8	2	1	0
2	01/01/2021 18:37	01/01/2021 18:59	N	1	74	239	1	3.8	17	0	0.5	5.14	0		0.3	25.69	1	1	2.75
1	01/01/2021 18:09	01/01/2021 18:27	N	1	43	230	2	2.5	13.5	3.25	0.5	3.5	0		0.3	21.05	1	1	2.75
2	01/01/2021 18:07	01/01/2021 18:34	N	5	69	69	2	4.63	20	0	0	0	0		0.3	20.3	2	2	0
2	01/01/2021 18:42	01/01/2021 19:11	N	5	69	119	2	3.89	16	0	0	0	0		0.3	16.3	2	2	0
2	01/01/2021 18:58	01/01/2021 19:05	N	1	130	28	1	2.01	8.5	0	0.5	1	0		0.3	10.3	1	1	0
2	01/01/2021 18:20	01/01/2021 18:46	N	1	74	195	1	12.86	36	0	0.5	0	0		0.3	39.55	2	1	2.75
2	01/01/2021 18:14	01/01/2021 18:17	N	1	95	95	1	0.61	4.5	1	0.5	1.58	0		0.3	7.88	1	1	0
2	01/01/2021 18:27	01/01/2021 18:44	N	1	95	157	1	3.94	16	1	0.5	1.5	0		0.3	19.3	1	1	0
2	01/01/2021 18:30	01/01/2021 18:46	N	1	74	151	1	2.19	12	0	0.5	2.56	0		0.3	15.36	1	1	0
2	01/01/2021 18:53	01/01/2021 18:57	N	1	166	238	1	1.12	5.5	0	0.5	1.81	0		0.3	10.86	1	1	2.75
2	01/01/2021 18:08	01/01/2021 18:16	N	1	74	74	1	1.29	7.5	0	0.5	0	0		0.3	8.3	1	1	0
2	01/01/2021 18:28	01/01/2021 18:37	N	1	74	42	1	2.3	9.5	0	0.5	0	0		0.3	10.3	1	1	0
2	01/01/2021 18:19	01/01/2021 18:34	N	1	95	129	1	5.12	16	0	0.5	1	0		0.3	17.8	1	1	0
2	01/01/2021 18:28	01/01/2021 18:38	N	1	74	236	1	2.59	9.5	1	0.5	2.81	0		0.3	16.86	1	1	2.75
2	01/01/2021 19:14	01/01/2021 19:24	N	1	134	216	2	3.78	13	0	0.5	0	0		0.3	13.8	2	1	0
2	01/01/2021 19:19	01/01/2021 19:31	N	1	74	262	1	2.39	10.5	0	0.5	0	0		0.3	14.05	2	1	2.75
2	01/01/2021 19:40	01/01/2021 19:42	N	1	75	74	1	0.53	3.5	0	0.5	0.86	0		0.3	5.16	1	1	0
1	01/01/2021 19:51	01/01/2021 19:57	N	1	95	196	2	1.1	6	1	0.5	0	0		0.3	7.8	2	1	0
1	01/01/2021 19:32	01/01/2021 19:47	N	1	74	238	1	3	12.5	2.75	0.5	0	0		0.3	16.05	2	1	2.75
2	01/01/2021 19:13	01/01/2021 19:16	N	1	43	151	1	0.77	4.5	0	0.5	0.53	0		0.3	5.83	1	1	0
2	01/01/2021 19:38	01/01/2021 19:41	N	1	75	74	3	1.34	5.5	0	0.5	1.58	0		0.3	7.88	1	1	0
2	01/01/2021 19:18	01/01/2021 19:24	N	1	43	141	1	1.75	7.5	0	0.5	0	0		0.3	11.05	1	1	2.75
2	01/01/2021 19:29	01/01/2021 19:41	N	1	75	43	1	2.41	10.5	0	0.5	2.26	0		0.3	13.56	1	1	0
2	01/01/2021 20:00	01/01/2021 20:04	N	1	75	41	1	1.24	5.5	0	0.5	1.26	0		0.3	7.56	1	1	0
2	01/01/2021 19:58	01/01/2021 20:12	N	1	74	60	1	4.91	16	1	0.5	0.2	0		0.3	18	1	1	0
1	01/01/2021 19:24	01/01/2021 19:27	N	1	75	75	1	0.7	4.5	1	0.5	10	0		0.3	16.3	1	1	0
1	01/01/2021 19:28	01/01/2021 19:47	N	1	75	213	1	6.1	19.5	1	0.5	0	0		0.3	21.3	2	1	0
2	01/01/2021 19:07	01/01/2021 19:15	N	1	75	75	1	1.36	7.5	0	0.5	1.24	0		0.3	9.54	1	1	0
2	01/01/2021 19:34	01/01/2021 20:04	N	1	75	74	1	16.1	44.5	0	0.5	6	0		0.3	51.3	1	1	0
2	01/01/2021 19:55	01/01/2021 20:17	N	1	69	174	1	5.68	21.5	0	0.5	2.75	0		0.3	25.05	1	1	0
2	01/01/2021 19:00	01/01/2021 19:12	N	1	41	75	6	1.8	9.5	0	0.5	0	0		0.3	10.3	1	1	0
2	01/01/2021 19:31	01/01/2021 19:42	N	1	75	140	1	2.4	10	0	0.5	2.71	0		0.3	16.26	1	1	2.75
2	01/01/2021 19:50	01/01/2021 19:52	N	1	74	74	1	0.68	4	0	0.5	0	0		0.3	4.8	2	1	0
2	01/01/2021 19:26	01/01/2021 19:32	N	1	74	41	1	1.13	6	1	0.5	0	0		0.3	7.8	2	1	0
2	01/01/2021 19:39	01/01/2021 19:45	N	1	95	134	1	1.19	6.5	1	0.5	2.08	0		0.3	10.38	1	1	0
2	01/01/2021 19:15	01/01/2021 19:34	N	1	42	239	1	4.52	18	0	0.5	0	0		0.3	21.55	2	1	2.75
2	01/01/2021 19:20	01/01/2021 20:12	N	1	55	75	1	24.81	68.5	0	0.5	2.75	6.12		0.3	78.17	1	1	0
2	01/01/2021 19:04	01/01/2021 19:14	N	1	116	159	1	1.78	9	1	0.5	0	0		0.3	10.8	2	1	0
2	01/01/2021 19:23	01/01/2021 19:45	N	5	247	159	2	3.25	15	0	0	0	0		0.3	15.3	2	2	0
2	01/01/2021 19:47	01/01/2021 20:09	N	5	159	169	2	3.03	17	0	0	0	0		0.3	17.3	2	2	0
2	01/01/2021 19:55	01/01/2021 20:19	N	1	75	202	1	6.16	21	0	0.5	4.91	0		0.3	29.46	1	1	2.75
2	01/01/2021 19:28	01/01/2021 19:39	N	1	74	166	1	1.66	9	0	0.5	0	0		0.3	9.8	1	1	0
2	01/01/2021 18:42	01/01/2021 18:59	N	1	244	220	1	3.19	13.5	0	0.5	0	0		0.3	14.3	2	1	0
2	01/01/2021 19:19	01/01/2021 19:29	N	1	74	244	1	2.6	10	0	0.5	0	0		0.3	10.8	2	1	0
2	01/01/2021 19:26	01/01/2021 19:35	N	1	41	116	1	1.87	8.5	0	0.5	0	0		0.3	9.3	2	1	0
2	01/01/2021 20:22	01/01/2021 20:30	N	1	42	42	1	1.09	7	0.5	0.5	2.49	0		0.3	10.79	1	1	0
2	01/01/2021 20:59	01/01/2021 21:08	N	1	75	238	1	1.67	8	0.5	0.5	3.01	0		0.3	15.06	1	1	2.75
1	01/01/2021 20:32	01/01/2021 20:45	N	1	95	134	1	2	10	0.5	0.5	2.25	0		0.3	13.55	1	1	0
1	01/01/2021 20:51	01/01/2021 21:04	N	1	82	70	1	2.2	10.5	0.5	0.5	0	0		0.3	11.8	2	1	0
2	01/01/2021 20:48	01/01/2021 20:54	N	1	41	42	1	1.29	6.5	0.5	0.5	1.56	0		0.3	9.36	1	1	0
2	01/01/2021 20:11	01/01/2021 20:15	N	1	75	263	1	0.87	5	0.5	0.5	1.89	0		0.3	8.19	1	1	0
2	01/01/2021 20:41	01/01/2021 20:41	N	2	75	75	1	0	52	0	0.5	0	0		0.3	52.8	2	1	0
2	01/01/2021 20:41	01/01/2021 21:02	N	1	75	200	1	9.32	28	0.5	0.5	0	2.8		0.3	32.1	2	1	0
1	01/01/2021 20:15	01/01/2021 20:21	N	1	75	238	1	1.3	6.5	3.25	0.5	3.15	0		0.3	13.7	1	1	2.75
1	01/01/2021 20:29	01/01/2021 20:43	N	1	75	143	3	3.3	13	3.25	0.5	0	0		0.3	17.05	2	1	2.75
2	01/01/2021 19:59	01/01/2021 20:05	N	1	74	42	1	1.27	6.5	0.5	0.5	1.56	0		0.3	9.36	1	1	0
2	01/01/2021 20:52	01/01/2021 21:33	N	1	174	82	1	13.43	42.5	0.5	0.5	2.75	6.12		0.3	52.67	1	1	0
2	01/01/2021 20:09	01/01/2021 20:35	N	1	95	211	1	12.17	35	0.5	0.5	9.76	0		0.3	48.81	1	1	2.75
2	01/01/2021 20:50	01/01/2021 21:05	N	1	41	168	1	2.25	11.5	0.5	0.5	1	0		0.3	13.8	1	1	0
2	01/01/2021 20:26	01/01/2021 20:56	N	1	22	210	1	6.49	26	0.5	0.5	2.75	0		0.3	30.05	1	1	0
2	01/01/2021 20:58	01/01/2021 21:30	N	1	210	22	1	4.1	22	0.5	0.5	2.75	0		0.3	26.05	1	1	0
2	01/01/2021 20:09	01/01/2021 20:19	N	1	194	74	1	2.55	9.5	0.5	0.5	1.11	0		0.3	11.91	1	1	0
2	01/01/2021 20:02	01/01/2021 20:08	N	1	75	74	1	1.79	7.5	0.5	0.5	1	0		0.3	9.8	1	1	0
2	01/01/2021 20:36	01/01/2021 20:43	N	1	75	236	1	0.91	6	0.5	0.5	2.01	0		0.3	12.06	1	1	2.75
2	01/01/2021 20:49	01/01/2021 20:53	N	1	75	41	1	1.23	6	0.5	0.5	1.7	0		0.3	9	1	1	0
2	01/01/2021 20:58	01/01/2021 21:08	N	1	75	75	1	1.94	9	0.5	0.5	3	0		0.3	13.3	1	1	0
2	01/01/2021 20:10	01/01/2021 21:03	N	1	115	44	1	16.91	56.5	0.5	0.5	2.75	0		0.3	60.55	1	1	0
2	01/01/2021 20:25	01/01/2021 20:46	N	5	69	169	2	4.02	16	0	0	0	0		0.3	16.3	2	2	0
2	01/01/2021 20:25	01/01/2021 20:32	N	1	74	263	1	1.84	7.5	0.5	0.5	1.76	0		0.3	10.56	1	1	0
2	01/01/2021 21:14	01/01/2021 21:30	N	1	116	238	1	3.31	14	0.5	0.5	1	0		0.3	19.05	1	1	2.75
2	01/01/2021 21:11	01/01/2021 21:28	N	1	75	233	1	3.81	14	0.5	0.5	3.61	0		0.3	21.66	1	1	2.75
2	01/01/2021 21:39	01/01/2021 21:44	N	1	41	152	1	1.09	6	0.5	0.5	0	0		0.3	7.3	2	1	0
2	01/01/2021 21:58	01/01/2021 22:03	N	1	74	75	1	1.28	6	0.5	0.5	1.46	0		0.3	8.76	1	1	0
1	01/01/2021 21:29	01/01/2021 21:37	N	1	75	166	1	2.1	8.5	0.5	0.5	0	0		0.3	9.8	2	1	0
1	01/01/2021 21:46	01/01/2021 21:53	N	1	41	75	1	1.6	7.5	0.5	0.5	0	0		0.3	8.8	2	1	0
2	01/01/2021 21:51	01/01/2021 22:15	N	1	95	82	1	4.53	19	0.5	0.5	6.09	0		0.3	26.39	1	1	0
2	01/01/2021 21:29	01/01/2021 21:51	N	5	95	237	1	19.39	34.7	0	0	7.55	0		0.3	45.3	1	2	2.75
2	01/01/2021 21:30	01/01/2021 21:41	N	1	74	116	1	2.11	9.5	0.5	0.5	0	0		0.3	10.8	2	1	0
2	01/01/2021 21:15	01/01/2021 21:50	N	1	130	79	1	15.55	43.5	0.5	0.5	5	0		0.3	52.55	1	1	2.75
2	01/01/2021 21:53	01/01/2021 21:57	N	1	181	181	1	0.58	4.5	0.5	0.5	0	0		0.3	5.8	2	1	0
2	01/01/2021 21:18	01/02/2021 00:00	N	1	41	50	1	5.69	19	0.5	0.5	0	0		0.3	23.05	1	1	2.75
2	01/01/2021 21:54	01/01/2021 21:54	N	5	260	260	1	0	125	0	0	1	0		0.3	126.3	1	2	0
2	01/01/2021 21:45	01/01/2021 21:45	N	5	216	264	1	0.09	12	0	0	0	0		0.3	12.3	2	2	0
2	01/01/2021 21:41	01/01/2021 21:47	N	1	75	238	1	1.2	6	0.5	0.5	2.01	0		0.3	12.06	1	1	2.75
2	01/01/2021 21:25	01/01/2021 22:21	N	1	44	115	1	17.56	57.5	0.5	0.5	2.75	0		0.3	61.55	1	1	0
2	01/01/2021 21:57	01/01/2021 22:06	N	1	130	10	1	2.86	10	0.5	0.5	2.26	0		0.3	13.56	1	1	0
2	01/01/2021 20:59	01/01/2021 21:15	N	1	74	107	1	5.24	17	0.5	0.5	0	0		0.3	21.05	2	1	2.75
2	01/01/2021 21:51	01/01/2021 21:59	N	1	74	168	1	1.77	8	0.5	0.5	0	0		0.3	9.3	1	1	0
2	01/01/2021 22:14	01/01/2021 22:23	N	1	74	116	1	2.49	9.5	0.5	0.5	0	0		0.3	10.8	2	1	0
2	01/01/2021 22:52	01/01/2021 23:05	N	1	43	100	1	3.48	13	0.5	0.5	1.5	0		0.3	18.55	1	1	2.75
1	01/01/2021 22:18	01/01/2021 22:21	N	1	82	129	1	0	3.5	0.5	0.5	0	0		0.3	4.8	3	1	0
1	01/01/2021 22:13	01/01/2021 22:18	N	1	75	74	1	1.4	6	0.5	0.5	1.45	0		0.3	8.75	1	1	0
	01/26/2021 01:33:00 PM	01/26/2021 01:42:00 PM			49	225		1.64	19.48	0	0	0	0		0.3	19.78			
1	01/01/2021 22:25	01/01/2021 22:30	N	1	75	74	1	0.9	5.5	0.5	0.5	0	0		0.3	6.8	4	1	0
2	01/01/2021 22:13	01/01/2021 22:18	N	1	42	42	6	0.72	5.5	0.5	0.5	0	0		0.3	6.8	2	1	0
1	01/01/2021 22:02	01/01/2021 22:02	N	1	28	28	1	0	2.5	0.5	0.5	10	0		0.3	13.8	1	1	0
2	01/01/2021 22:45	01/01/2021 22:46	N	1	264	264	1	0	2.5	0.5	0.5	31.2	0		0.3	35	1	1	0
2	01/01/2021 22:37	01/01/2021 22:46	N	1	130	130	1	2.07	8.5	0.5	0.5	2	0		0.3	11.8	1	1	0
2	01/01/2021 22:52	01/01/2021 22:58	N	1	7	226	1	1.39	6.5	0.5	0.5	0	0		0.3	7.8	2	1	0
2	01/01/2021 21:57	01/01/2021 21:57	N	1	74	74	1	0	2.5	0.5	0.5	8.5	0		0.3	12.3	1	1	0
2	01/01/2021 20:56	01/01/2021 21:25	N	1	95	56	1	1.83	9	0.5	0.5	2.06	0		0.3	12.36	1	1	0
1	01/01/2021 22:15	01/01/2021 22:19	N	1	75	74	1	1	5	0.5	0.5	0	0		0.3	6.3	1	1	0
2	01/01/2021 22:46	01/01/2021 23:01	N	1	226	7	1	2.45	12	0.5	0.5	0	0		0.3	13.3	2	1	0
2	01/01/2021 22:37	01/01/2021 23:45	N	1	10	136	1	23.93	79	0.5	0.5	2.75	6.12		0.3	89.17	1	1	0
2	01/01/2021 22:29	01/01/2021 22:33	N	1	74	75	1	0.9	5	0.5	0.5	0	0		0.3	6.3	2	1	0
2	01/01/2021 23:21	01/01/2021 23:25	N	1	75	263	1	0.69	5	0.5	0.5	0	0		0.3	6.3	1	1	0
2	01/01/2021 23:58	01/02/2021 00:11	N	1	74	69	1	2.82	11	0.5	0.5	0	0		0.3	12.3	1	1	0
1	01/01/2021 23:09	01/01/2021 23:17	N	1	75	74	1	1.7	7.5	0.5	0.5	0	0		0.3	8.8	1	1	0
2	01/01/2021 23:55	01/02/2021 00:08	N	1	75	107	1	4.64	15	0.5	0.5	3.81	0		0.3	22.86	1	1	2.75
2	01/01/2021 23:04	01/01/2021 23:18	N	1	174	127	1	3.36	14	0.5	0.5	2.75	0		0.3	18.05	1	1	0
2	01/01/2021 23:47	01/01/2021 23:59	N	1	146	226	1	2.28	10	0.5	0.5	2.75	0		0.3	14.05	1	1	0
2	01/01/2021 23:27	01/02/2021 00:27	N	1	173	68	2	11.55	48	0.5	0.5	2.75	6.12		0.3	58.17	1	1	0
2	01/01/2021 23:12	01/01/2021 23:22	N	1	74	244	1	3.58	12.5	0.5	0.5	0	0		0.3	13.8	2	1	0
2	01/01/2021 23:27	01/01/2021 23:43	N	1	244	263	1	6.03	19.5	0.5	0.5	0	0		0.3	23.55	1	1	2.75
2	01/02/2021 00:14	01/02/2021 00:19	N	1	42	244	1	1.25	6	0.5	0.5	0	0		0.3	7.3	1	1	0
2	01/02/2021 00:21	01/02/2021 00:52	N	1	75	220	1	9.11	31	0.5	0.5	0	0		0.3	32.3	1	1	0
1	01/02/2021 00:09	01/02/2021 00:15	N	1	65	232	1	3.7	12	3.25	0.5	0	0		0.3	16.05	2	1	2.75
1	01/02/2021 00:48	01/02/2021 01:06	N	1	75	20	2	9.4	26	0.5	0.5	0.02	0		0.3	27.32	1	1	0
2	01/02/2021 00:56	01/02/2021 00:57	N	1	74	41	1	0.37	3	0.5	0.5	1	0		0.3	5.3	1	1	0
2	01/02/2021 00:05	01/02/2021 00:25	N	1	174	127	1	3.6	16	0.5	0.5	2.75	0		0.3	20.05	1	1	0
2	01/02/2021 00:36	01/02/2021 00:44	N	1	92	173	1	2.1	8.5	0.5	0.5	0	0		0.3	9.8	2	1	0
2	01/02/2021 00:06	01/02/2021 00:23	N	5	82	75	1	7.94	22.78	0	0	3.16	6.12		0.3	32.36	1	1	0
2	01/02/2021 00:58	01/02/2021 00:59	N	1	42	42	1	0.02	2.5	0.5	0.5	0	0		0.3	3.8	2	1	0
2	01/02/2021 00:47	01/02/2021 01:04	N	1	62	256	1	4.23	15	0.5	0.5	0	0		0.3	16.3	2	1	0
2	01/02/2021 00:37	01/02/2021 00:43	N	1	168	168	1	1.23	6.5	0.5	0.5	0	0		0.3	7.8	2	1	0
2	01/02/2021 00:48	01/02/2021 00:56	N	1	159	116	1	2.06	9	0.5	0.5	0	0		0.3	10.3	2	1	0
2	01/02/2021 01:14	01/02/2021 01:21	N	1	75	41	1	1.22	6.5	0.5	0.5	1.95	0		0.3	9.75	1	1	0
2	01/02/2021 02:27	01/02/2021 02:33	N	1	75	74	1	1.58	7	0.5	0.5	0	0		0.3	8.3	2	1	0
2	01/02/2021 02:37	01/02/2021 02:54	N	1	75	116	1	2.86	13.5	0.5	0.5	0	0		0.3	14.8	2	1	0
2	01/02/2021 02:20	01/02/2021 02:31	N	1	42	168	1	2.16	10	0.5	0.5	0	0		0.3	11.3	1	1	0
2	01/02/2021 03:47	01/02/2021 03:49	N	1	173	173	1	0.26	3.5	0.5	0.5	0	0		0.3	4.8	2	1	0
2	01/02/2021 04:10	01/02/2021 04:24	N	1	42	138	1	7.86	22.5	0.5	0.5	8.98	6.12		0.3	38.9	1	1	0
2	01/02/2021 04:52	01/02/2021 04:54	N	1	75	74	1	1.09	5	0.5	0.5	0	0		0.3	6.3	2	1	0
2	01/02/2021 04:21	01/02/2021 04:37	N	1	173	252	1	4.15	15	0.5	0.5	0	0		0.3	16.3	2	1	0
2	01/02/2021 04:56	01/02/2021 04:56	N	1	41	41	1	0	2.5	0.5	0.5	0	0		0.3	3.8	2	1	0
1	01/02/2021 05:18	01/02/2021 05:26	N	1	247	235	1	3.5	11.5	0.5	0.5	0	0		0.3	12.8	2	1	0
1	01/02/2021 05:42	01/02/2021 05:52	N	1	116	220	1	5.7	17	0	0.5	1	0		0.3	18.8	1	1	0
2	01/02/2021 05:32	01/02/2021 05:32	N	5	254	254	1	0	18	0	0	0	0		0.3	18.3	1	2	0
2	01/02/2021 05:47	01/02/2021 06:02	N	1	130	218	1	3.43	13	0.5	0.5	0	0		0.3	14.3	1	1	0
2	01/02/2021 05:05	01/02/2021 05:19	N	1	74	136	1	5.8	18.5	0.5	0.5	0	0		0.3	19.8	2	1	0
2	01/02/2021 06:21	01/02/2021 06:33	N	1	244	48	1	6.76	20	0	0.5	4.71	0		0.3	28.26	1	1	2.75
2	01/02/2021 06:32	01/02/2021 06:37	N	1	41	166	1	1.12	6	0	0.5	0	0		0.3	6.8	2	1	0
2	01/02/2021 06:32	01/02/2021 06:39	N	1	145	226	1	1.52	7.5	0	0.5	1.66	0		0.3	9.96	1	1	0
1	01/02/2021 06:24	01/02/2021 06:30	N	1	82	129	1	1.2	6.5	0	0.5	0	0		0.3	7.3	2	1	0
2	01/02/2021 06:44	01/02/2021 07:04	N	1	70	80	1	5.71	20.5	0	0.5	0	0		0.3	21.3	2	1	0
2	01/02/2021 07:38	01/02/2021 07:46	N	1	41	41	1	1.05	7.5	0	0.5	0	0		0.3	8.3	2	1	0
2	01/02/2021 07:57	01/02/2021 08:02	N	1	244	152	1	1	6	0	0.5	0	0		0.3	6.8	2	1	0
2	01/02/2021 07:15	01/02/2021 07:27	N	1	244	74	1	4.42	14.5	0	0.5	0	0		0.3	15.3	2	1	0
2	01/02/2021 07:30	01/02/2021 07:46	N	1	116	140	1	4.84	16.5	0	0.5	0	0		0.3	20.05	2	1	2.75
2	01/02/2021 07:44	01/02/2021 07:56	N	1	42	162	1	5.5	17	0	0.5	0	0		0.3	20.55	1	1	2.75
2	01/02/2021 06:59	01/02/2021 07:06	N	1	152	50	1	4.44	14	0	0.5	3.51	0		0.3	21.06	1	1	2.75
2	01/02/2021 07:47	01/02/2021 07:49	N	1	41	74	1	0.52	4	0	0.5	0	0		0.3	4.8	2	1	0
2	01/02/2021 07:03	01/02/2021 07:09	N	1	42	244	1	1.53	7	0	0.5	1.56	0		0.3	9.36	1	1	0
2	01/02/2021 07:23	01/02/2021 07:29	N	1	75	263	5	1.12	6	0	0.5	1.91	0		0.3	11.46	1	1	2.75
2	01/02/2021 07:14	01/02/2021 07:58	N	1	254	227	1	27	72.5	0	0.5	2.75	0		0.3	76.05	1	1	0
2	01/02/2021 07:46	01/02/2021 07:54	N	1	41	236	1	2.41	10	0	0.5	1	0		0.3	14.55	1	1	2.75
2	01/02/2021 07:53	01/02/2021 08:07	N	1	130	124	1	5.14	17	0	0.5	0	0		0.3	17.8	2	1	0
2	01/02/2021 07:43	01/02/2021 07:47	N	1	41	42	1	0.35	4.5	0	0.5	5	0		0.3	10.3	1	1	0
2	01/02/2021 07:45	01/02/2021 07:56	N	1	42	166	1	2.26	10	0	0.5	0	0		0.3	10.8	2	1	0
2	01/02/2021 07:55	01/02/2021 08:12	N	1	74	231	1	8.75	25.5	0	0.5	0	0		0.3	29.05	2	1	2.75
2	01/02/2021 07:11	01/02/2021 07:32	N	1	43	54	1	11.03	32	0	0.5	0	0		0.3	35.55	2	1	2.75
2	01/02/2021 08:02	01/02/2021 08:14	N	1	74	159	6	2.77	11	0	0.5	0	0		0.3	11.8	2	1	0
2	01/02/2021 07:36	01/02/2021 08:47	N	1	136	10	1	24.94	83	0	0.5	2.75	6.12		0.3	92.67	1	1	0
2	01/02/2021 07:28	01/02/2021 07:41	N	1	244	140	1	6.59	19.5	0	0.5	5.76	0		0.3	28.81	1	1	2.75
2	01/02/2021 07:48	01/02/2021 08:00	N	1	243	220	1	4.04	14.5	0	0.5	0	0		0.3	15.3	1	1	0
1	01/02/2021 07:47	01/02/2021 07:56	N	1	116	120	1	3.3	12	0	0.5	0	0		0.3	12.8	2	1	0
2	01/02/2021 07:35	01/02/2021 07:43	N	1	243	153	1	2.21	9	0	0.5	0	0		0.3	9.8	1	1	0
2	01/02/2021 07:50	01/02/2021 07:54	N	1	7	223	1	0.9	5	0	0.5	1.16	0		0.3	6.96	1	1	0
2	01/02/2021 07:22	01/02/2021 07:31	N	1	130	191	1	2.67	10	0	0.5	0	0		0.3	10.8	2	1	0
2	01/02/2021 07:57	01/02/2021 08:01	N	1	122	191	1	1.51	6	0	0.5	0	0		0.3	6.8	2	1	0
2	01/02/2021 08:28	01/02/2021 08:39	N	1	116	143	1	4.06	14	0	0.5	3.51	0		0.3	21.06	1	1	2.75
2	01/02/2021 08:08	01/02/2021 08:13	N	1	75	262	1	1.4	6.5	0	0.5	0	0		0.3	10.05	2	1	2.75
2	01/02/2021 08:43	01/02/2021 08:52	N	1	41	152	1	1.98	8.5	0	0.5	0	0		0.3	9.3	1	1	0
2	01/02/2021 08:07	01/02/2021 08:10	N	1	52	40	1	0.47	3.5	0	0.5	0	0		0.3	4.3	2	1	0
2	01/02/2021 08:00	01/02/2021 08:00	N	5	74	264	1	0.06	6	0	0	3.8	0		0.3	10.1	1	2	0
2	01/02/2021 08:32	01/02/2021 08:53	N	1	116	116	1	3.14	16.5	0	0.5	0	0		0.3	17.3	2	1	0
2	01/02/2021 08:33	01/02/2021 08:45	N	1	74	151	1	2.45	11	0	0.5	2.36	0		0.3	14.16	1	1	0
1	01/02/2021 08:46	01/02/2021 08:52	N	1	116	159	1	1.6	7.5	0	0.5	0	0		0.3	8.3	1	1	0
2	01/02/2021 08:38	01/02/2021 08:47	N	1	74	236	1	2.36	9.5	0	0.5	3.26	0		0.3	16.31	1	1	2.75
2	01/02/2021 08:37	01/02/2021 08:51	N	1	244	48	2	6.89	21	0	0.5	0	0		0.3	24.55	2	1	2.75
2	01/02/2021 08:19	01/02/2021 08:23	N	1	75	74	5	1.27	5.5	0	0.5	0	0		0.3	6.3	2	1	0
2	01/02/2021 08:24	01/02/2021 08:34	N	1	74	42	4	1.6	8.5	0	0.5	0	0		0.3	9.3	2	1	0
2	01/02/2021 08:57	01/02/2021 09:02	N	1	243	42	2	2.41	9	0	0.5	0	0		0.3	9.8	2	1	0
1	01/02/2021 08:05	01/02/2021 08:20	N	1	25	36	1	0	24.2	0	0.5	0	0		0.3	25	1	1	0
1	01/02/2021 08:23	01/02/2021 08:45	N	1	36	14	1	0	37.03	0	0.5	0	0		0.3	37.83	1	1	0
1	01/02/2021 08:10	01/02/2021 08:21	N	1	75	159	1	3.3	12.5	0	0.5	0	0		0.3	13.3	2	1	0
2	01/02/2021 08:38	01/02/2021 09:16	N	1	227	247	1	20.66	57	0	0.5	2.75	0		0.3	60.55	1	1	0
2	01/02/2021 08:48	01/02/2021 09:34	N	1	243	134	1	15.97	54	0	0.5	2.75	6.12		0.3	63.67	1	1	0
2	01/02/2021 08:07	01/02/2021 08:22	N	1	41	243	1	4.81	16.5	0	0.5	2	0		0.3	19.3	1	1	0
2	01/02/2021 08:55	01/02/2021 09:11	N	1	43	243	1	7.58	22.5	0	0.5	1	0		0.3	24.3	1	1	0
2	01/02/2021 08:06	01/02/2021 08:14	N	1	75	164	1	3.8	12	0	0.5	3.11	0		0.3	18.66	1	1	2.75
2	01/02/2021 08:02	01/02/2021 08:09	N	1	75	168	1	1.61	7	0	0.5	0	0		0.3	7.8	2	1	0
2	01/02/2021 08:57	01/02/2021 09:04	N	1	74	166	1	1.62	7.5	0	0.5	1.66	0		0.3	9.96	1	1	0
2	01/02/2021 08:52	01/02/2021 08:56	N	1	116	42	1	0.52	4.5	0	0.5	0.5	0		0.3	5.8	1	1	0
2	01/02/2021 08:10	01/02/2021 08:16	N	1	116	244	1	1.35	7	0	0.5	0	0		0.3	7.8	2	1	0
2	01/02/2021 08:39	01/02/2021 08:44	N	1	116	152	1	0.78	5.5	0	0.5	0	0		0.3	6.3	2	1	0
2	01/02/2021 08:14	01/02/2021 08:31	N	1	127	142	1	8.28	25	0	0.5	0	0		0.3	28.55	2	1	2.75
2	01/02/2021 08:07	01/02/2021 09:33	N	1	69	136	1	13.83	66	0	0.5	2.75	0		0.3	69.55	1	1	0
2	01/02/2021 08:36	01/02/2021 09:54	N	1	185	241	1	10.99	50.5	0	0.5	2.75	0		0.3	54.05	1	1	0
1	01/02/2021 08:08	01/02/2021 08:14	N	1	41	238	1	1.3	7	0	0.5	2.3	0		0.3	10.1	1	1	0
2	01/02/2021 08:39	01/02/2021 08:44	N	1	7	226	1	0.84	6	0	0.5	0	0		0.3	6.8	2	1	0
2	01/02/2021 08:06	01/02/2021 08:08	N	1	260	260	1	0.41	4	0	0.5	0	0		0.3	4.8	2	1	0
2	01/02/2021 08:51	01/02/2021 08:56	N	1	74	41	1	1	6	0	0.5	1.36	0		0.3	8.16	1	1	0
2	01/02/2021 08:18	01/02/2021 08:22	N	1	65	97	1	0.69	5	0	0.5	0	0		0.3	5.8	2	1	0
2	01/02/2021 08:05	01/02/2021 08:40	N	1	197	97	1	16.37	47.5	0	0.5	2.75	0		0.3	51.05	1	1	0
2	01/02/2021 08:39	01/02/2021 08:55	N	1	43	116	1	3.4	14.5	0	0.5	0	0		0.3	15.3	2	1	0
2	01/02/2021 08:00	01/02/2021 08:05	N	1	74	75	1	1.46	6.5	0	0.5	1.46	0		0.3	8.76	1	1	0
2	01/02/2021 08:41	01/02/2021 08:49	N	1	74	42	1	1.47	7.5	0	0.5	0	0		0.3	8.3	2	1	0
1	01/02/2021 08:03	01/02/2021 08:21	N	1	166	140	1	4.1	16	2.75	0.5	3.9	0		0.3	23.45	1	1	2.75
2	01/02/2021 08:10	01/02/2021 08:18	N	1	43	142	1	2.74	10	0	0.5	1	0		0.3	14.55	1	1	2.75
2	01/02/2021 08:28	01/02/2021 08:42	N	1	24	161	1	3.41	13.5	0	0.5	0	0		0.3	17.05	1	1	2.75
1	01/02/2021 08:29	01/02/2021 08:47	N	1	152	138	1	8.7	25.5	0	0.5	6.45	6.12		0.3	38.87	1	1	0
2	01/02/2021 08:56	01/02/2021 09:08	N	1	130	191	1	3.27	12	0	0.5	0	0		0.3	12.8	2	1	0
2	01/02/2021 08:23	01/02/2021 08:23	N	2	69	69	1	0	52	0	0.5	0	0		0.3	52.8	2	1	0
2	01/02/2021 08:23	01/02/2021 08:35	N	1	69	168	1	3.06	12	0	0.5	0	0		0.3	12.8	1	1	0
2	01/02/2021 08:24	01/02/2021 08:30	N	1	74	42	1	1.19	6.5	0	0.5	0	0		0.3	7.3	2	1	0
2	01/02/2021 08:43	01/02/2021 08:59	N	1	166	170	1	5.35	18.5	0	0.5	2.5	0		0.3	24.55	1	1	2.75
2	01/02/2021 08:05	01/02/2021 08:29	N	1	75	81	2	12.04	35	0	0.5	0	0		0.3	35.8	2	1	0
2	01/02/2021 08:34	01/02/2021 08:50	N	1	243	254	1	5.41	18.5	0	0.5	3.86	0		0.3	23.16	1	1	0
2	01/02/2021 09:31	01/02/2021 09:40	N	5	193	161	1	2.79	20	0	0	0	0		0.3	23.05	1	2	2.75
2	01/02/2021 08:59	01/02/2021 09:15	N	1	41	47	1	3.63	14.5	0	0.5	3.06	0		0.3	18.36	1	1	0
2	01/02/2021 09:35	01/02/2021 09:43	N	1	42	47	1	3.69	12	0	0.5	0	0		0.3	12.8	2	1	0
2	01/02/2021 09:45	01/02/2021 09:52	N	1	116	116	1	0.97	6.5	0	0.5	0	0		0.3	7.3	2	1	0
2	01/02/2021 09:23	01/02/2021 09:28	N	1	166	116	1	1.24	6.5	0	0.5	0	0		0.3	7.3	2	1	0
2	01/02/2021 09:46	01/02/2021 09:56	N	1	41	239	1	2.51	10.5	0	0.5	2.81	0		0.3	16.86	1	1	2.75
1	01/02/2021 09:56	01/02/2021 10:11	N	1	82	7	1	2.4	11.5	0	0.5	2	0		0.3	14.3	1	1	0
2	01/02/2021 09:17	01/02/2021 09:28	N	1	41	244	1	3.5	13	0	0.5	2.76	0		0.3	16.56	1	1	0
2	01/02/2021 09:30	01/02/2021 09:32	N	1	74	41	1	0.68	4	0	0.5	1	0		0.3	5.8	1	1	0
2	01/02/2021 09:35	01/02/2021 09:40	N	1	41	74	1	0.87	5.5	0	0.5	1.26	0		0.3	7.56	1	1	0
2	01/02/2021 09:08	01/02/2021 09:20	N	1	42	163	1	3.89	12.5	0	0.5	0	0		0.3	16.05	1	1	2.75
2	01/02/2021 09:30	01/02/2021 09:32	N	1	75	41	1	0.45	3.5	0	0.5	0.86	0		0.3	5.16	1	1	0
2	01/02/2021 09:42	01/03/2021 09:32	N	1	42	42	1	0.59	4	0	0.5	0	0		0.3	4.8	2	1	0
1	01/02/2021 09:38	01/02/2021 09:50	N	1	61	177	1	0	14.2	0	0.5	0	0		0.3	15	1	1	0
2	01/02/2021 09:55	01/02/2021 10:03	N	1	75	236	1	1.69	7.5	0	0.5	0	0		0.3	11.05	2	1	2.75
2	01/02/2021 09:40	01/02/2021 09:49	N	1	129	7	1	2.75	10.5	0	0.5	0	0		0.3	11.3	2	1	0
2	01/02/2021 09:29	01/02/2021 09:39	N	1	244	239	1	4.7	15.5	0	0.5	0.18	0		0.3	19.23	1	1	2.75
2	01/02/2021 09:55	01/02/2021 10:10	N	1	244	236	1	5.52	17.5	0	0.5	0	0		0.3	21.05	1	1	2.75
2	01/02/2021 10:00	01/02/2021 10:17	N	1	260	75	1	5.4	17.5	0	0.5	0	0		0.3	21.05	2	1	2.75
2	01/02/2021 09:35	01/02/2021 10:22	N	1	134	220	1	17.34	56	0	0.5	2.75	6.12		0.3	65.67	1	1	0
2	01/02/2021 10:00	01/02/2021 10:23	N	1	122	101	1	5.6	21	0	0.5	0	0		0.3	21.8	2	1	0
2	01/02/2021 08:58	01/02/2021 09:03	N	1	75	237	1	2.29	8	0	0.5	2.31	0		0.3	13.86	1	1	2.75
2	01/02/2021 09:28	01/02/2021 09:51	N	1	181	21	1	5.66	21	0	0.5	0	0		0.3	21.8	1	1	0
2	01/02/2021 09:31	01/02/2021 09:36	N	1	74	41	1	0.87	5	0	0.5	1.16	0		0.3	6.96	1	1	0
2	01/02/2021 09:16	01/02/2021 09:19	N	1	42	42	1	0.66	4.5	0	0.5	0	0		0.3	5.3	2	1	0
2	01/02/2021 09:23	01/02/2021 09:28	N	1	42	24	1	1.31	6.5	0	0.5	0	0		0.3	7.3	1	1	0
2	01/02/2021 09:15	01/02/2021 09:29	N	1	7	263	1	4.19	14.5	0	0.5	4.51	0		0.3	22.56	1	1	2.75
2	01/02/2021 09:39	01/02/2021 09:52	N	1	75	152	1	2.74	11	0	0.5	0	0		0.3	11.8	2	1	0
1	01/02/2021 09:41	01/02/2021 09:56	N	1	244	142	1	5.7	19	2.75	0.5	0	0		0.3	22.55	2	1	2.75
1	01/02/2021 09:22	01/02/2021 09:28	N	1	153	243	1	1.3	6.5	0	0.5	0	0		0.3	7.3	2	1	0
2	01/02/2021 09:22	01/02/2021 09:35	N	1	244	50	1	6.62	20	0	0.5	0	0		0.3	23.55	2	1	2.75
2	01/02/2021 09:07	01/02/2021 09:17	N	1	129	173	1	1.33	8	0	0.5	0	0		0.3	8.8	2	1	0
1	01/02/2021 09:42	01/02/2021 11:25	N	5	56	173	1	21.6	0	0	0	0	0		0	0	2	2	0
1	01/02/2021 09:13	01/02/2021 09:13	N	3	82	82	1	0	20	0	0	0	0		0.3	20.3	3	1	0
1	01/02/2021 09:13	01/02/2021 09:36	N	5	82	112	1	5.6	25	0	0	0	0		0	25	1	2	0
1	01/02/2021 09:39	01/02/2021 10:05	N	5	112	129	1	5.1	20	0	0	0	0		0	20	1	2	0
2	01/02/2021 09:54	01/02/2021 10:06	N	1	75	142	1	2.67	11	0	0.5	0	0		0.3	14.55	1	1	2.75
2	01/02/2021 09:52	01/02/2021 09:59	N	1	196	95	1	1.3	7	0	0.5	1.56	0		0.3	9.36	1	1	0
2	01/02/2021 09:42	01/02/2021 09:52	N	1	75	74	1	1.43	8	0	0.5	1.76	0		0.3	10.56	1	1	0
2	01/02/2021 09:25	01/02/2021 09:35	N	1	41	141	1	2.49	10	0	0.5	0	0		0.3	13.55	2	1	2.75
2	01/02/2021 09:05	01/02/2021 10:02	N	1	97	86	1	22.62	69	0	0.5	2.75	0		0.3	72.55	1	1	0
2	01/02/2021 09:19	01/02/2021 09:25	N	1	166	43	1	1.46	7	0	0.5	1.56	0		0.3	9.36	1	1	0
2	01/02/2021 09:52	01/02/2021 10:13	N	1	75	226	1	6.18	21	0	0.5	0	0		0.3	24.55	1	1	2.75
2	01/02/2021 09:48	01/02/2021 09:58	N	1	74	24	1	1.83	9	0	0.5	2.45	0		0.3	12.25	1	1	0
1	01/02/2021 09:42	01/02/2021 09:52	N	1	116	238	1	3.4	12.5	2.75	0.5	2.2	0		0.3	18.25	1	1	2.75
2	01/02/2021 09:14	01/02/2021 09:18	N	1	74	75	1	1.06	5.5	0	0.5	1.58	0		0.3	7.88	1	1	0
2	01/02/2021 10:12	01/02/2021 10:46	N	1	119	142	1	7.95	31	0	0.5	2.75	0		0.3	34.55	1	1	0
2	01/02/2021 09:49	01/02/2021 09:55	N	1	74	75	1	1.53	6.5	0	0.5	0	0		0.3	7.3	2	1	0
2	01/02/2021 09:36	01/02/2021 09:43	N	1	41	239	1	1.88	8.5	0	0.5	3.01	0		0.3	15.06	1	1	2.75
2	01/02/2021 09:06	01/02/2021 09:21	N	1	244	220	1	3.32	13	0	0.5	0	0		0.3	13.8	2	1	0
2	01/02/2021 10:13	01/02/2021 10:31	N	1	74	234	1	6.92	22	0	0.5	0	0		0.3	25.55	2	1	2.75
2	01/02/2021 09:48	01/02/2021 09:56	N	1	166	42	1	1.52	8	0	0.5	0	0		0.3	8.8	1	1	0
2	01/02/2021 09:10	01/02/2021 09:23	N	1	75	119	2	5.58	18	0	0.5	0	0		0.3	18.8	2	1	0
2	01/02/2021 09:40	01/02/2021 09:52	N	1	42	140	2	5.74	18	0	0.5	0	0		0.3	21.55	2	1	2.75
2	01/02/2021 09:48	01/02/2021 09:52	N	1	116	152	1	0.85	5.5	0	0.5	5	0		0.3	11.3	1	1	0
2	01/02/2021 10:57	01/02/2021 10:59	N	1	193	193	1	0	3	0	0.5	0.08	0		0.3	3.88	1	1	0
2	01/02/2021 10:56	01/02/2021 11:13	N	1	25	228	1	3.37	15	0	0.5	0	0		0.3	15.8	2	1	0
2	01/02/2021 10:11	01/02/2021 10:12	N	5	193	193	1	0	13.86	0	0	3.16	0		0.3	17.32	1	1	0
2	01/02/2021 10:13	01/02/2021 10:13	N	1	193	193	1	0	-2.5	0	-0.5	0	0		-0.3	-3.3	3	1	0
2	01/02/2021 10:13	01/02/2021 10:13	N	1	193	193	1	0	2.5	0	0.5	0	0		0.3	3.3	2	1	0
2	01/02/2021 10:25	01/02/2021 10:30	N	1	41	74	1	1.01	6	0	0.5	0	0		0.3	6.8	1	1	0
2	01/02/2021 10:36	01/02/2021 10:40	N	1	7	7	1	0.84	5	0	0.5	0	0		0.3	5.8	2	1	0
2	01/02/2021 10:15	01/02/2021 10:16	N	5	74	74	1	0	33	0	0	1.08	0		0.3	34.38	1	2	0
2	01/02/2021 10:30	01/02/2021 10:43	N	1	116	248	1	5.97	18.5	0	0.5	0	0		0.3	19.3	2	1	0
1	01/02/2021 10:17	01/02/2021 10:27	N	1	116	239	1	3.2	12	2.75	0.5	10	0		0.3	25.55	1	1	2.75
2	01/02/2021 10:25	01/02/2021 10:28	N	1	75	75	1	0.58	4	0	0.5	0	0		0.3	4.8	2	1	0
2	01/02/2021 10:35	01/02/2021 10:56	N	1	74	248	1	5.81	21	0	0.5	0	0		0.3	21.8	2	1	0
2	01/02/2021 10:02	01/02/2021 10:30	N	1	74	249	4	8.15	27	0	0.5	6.11	0		0.3	36.66	1	1	2.75
2	01/02/2021 10:57	01/02/2021 11:04	N	1	130	10	1	1.66	7	0	0.5	2	0		0.3	9.8	1	1	0
2	01/02/2021 10:09	01/02/2021 11:48	N	1	61	177	1	10.2	63	0	0.5	2.75	0		0.3	66.55	1	1	0
2	01/02/2021 10:32	01/02/2021 10:37	N	1	130	130	1	1.28	6.5	0	0.5	0	0		0.3	7.3	2	1	0
2	01/02/2021 10:02	01/02/2021 10:11	N	1	135	28	1	1.4	8	0	0.5	0	0		0.3	8.8	2	1	0
2	01/02/2021 11:01	01/02/2021 11:04	N	1	244	243	1	0.67	5	0	0.5	2	0		0.3	7.8	1	1	0
2	01/02/2021 10:15	01/02/2021 10:17	N	1	74	74	1	0.49	3.5	0	0.5	0	0		0.3	4.3	2	1	0
2	01/02/2021 10:50	01/02/2021 11:07	N	1	41	143	1	5.32	18.5	0	0.5	0	0		0.3	22.05	2	1	2.75
2	01/02/2021 10:36	01/02/2021 10:45	N	1	24	74	1	1.92	9	0	0.5	0	0		0.3	9.8	2	1	0
2	01/02/2021 10:25	01/02/2021 10:26	N	5	95	95	1	0.37	10	0	0	0	0		0.3	10.3	1	2	0
2	01/02/2021 10:20	01/02/2021 10:25	N	1	41	74	1	0.85	5.5	0	0.5	2	0		0.3	8.3	1	1	0
2	01/02/2021 10:55	01/02/2021 11:10	N	1	195	181	1	2.73	12	0	0.5	0	0		0.3	12.8	2	1	0
2	01/02/2021 10:00	01/02/2021 10:21	N	1	74	265	1	9.95	28.5	0	0.5	0	0		0.3	29.3	2	1	0
2	01/02/2021 10:48	01/02/2021 10:53	N	1	74	74	1	0.58	4.5	0	0.5	0	0		0.3	5.3	2	1	0
2	01/02/2021 10:10	01/02/2021 10:16	N	1	65	189	1	0.96	6	0	0.5	2.04	0		0.3	8.84	1	1	0
2	01/02/2021 10:58	01/02/2021 11:07	N	1	65	61	1	1.85	8.5	0	0.5	1.86	0		0.3	11.16	1	1	0
2	01/02/2021 10:22	01/02/2021 10:26	N	1	166	166	1	0.63	4.5	0	0.5	0	0		0.3	5.3	2	1	0
2	01/02/2021 10:56	01/02/2021 11:15	N	1	42	166	1	1.68	13.5	0	0.5	0	0		0.3	14.3	2	1	0
2	01/02/2021 10:30	01/02/2021 10:31	N	5	74	74	2	0	9	0	0	1	0		0.3	10.3	1	2	0
2	01/02/2021 10:59	01/02/2021 11:08	N	1	74	168	1	2.1	9	0	0.5	0	0		0.3	9.8	2	1	0
1	01/02/2021 10:38	01/02/2021 10:54	N	1	116	142	1	4.2	15	2.75	0.5	3.7	0		0.3	22.25	1	1	2.75
1	01/02/2021 10:05	01/02/2021 10:10	N	1	17	61	0	0.7	5.5	0	0.5	0	0		0.3	6.3	2	1	0
1	01/02/2021 10:16	01/02/2021 10:21	N	1	61	49	0	0.8	5.5	0	0.5	0	0		0.3	6.3	2	1	0
2	01/02/2021 10:42	01/02/2021 12:25	N	1	136	69	1	8.96	61	0	0.5	2.75	0		0.3	64.55	1	1	0
2	01/02/2021 10:56	01/02/2021 11:03	N	1	41	151	1	1.46	7.5	0	0.5	1.66	0		0.3	9.96	1	1	0
2	01/02/2021 10:09	01/02/2021 10:44	N	1	7	134	1	7.67	29	0	0.5	0	0		0.3	29.8	2	1	0
2	01/02/2021 10:10	01/02/2021 10:42	N	1	97	75	1	14.06	41	0	0.5	2.75	6.12		0.3	50.67	1	1	0
2	01/02/2021 10:53	01/02/2021 11:01	N	1	116	41	1	1.71	8.5	0	0.5	0	0		0.3	9.3	2	1	0
2	01/02/2021 10:58	01/02/2021 11:02	N	1	52	40	1	1.04	5.5	0	0.5	1.89	0		0.3	8.19	1	1	0
2	01/02/2021 10:09	01/02/2021 10:17	N	1	65	49	1	1.41	7.5	0	0.5	1.66	0		0.3	9.96	1	1	0
2	01/02/2021 10:53	01/02/2021 11:09	N	1	65	228	1	2.94	13	0	0.5	3.45	0		0.3	17.25	1	1	0
2	01/02/2021 10:40	01/02/2021 10:41	N	1	75	74	1	0.37	3	0	0.5	0	0		0.3	3.8	1	1	0
2	01/02/2021 10:59	01/02/2021 11:06	N	1	41	238	1	1.31	7.5	0	0.5	1.15	0		0.3	9.45	1	1	0
2	01/02/2021 09:57	01/02/2021 10:13	N	1	169	168	1	3.91	15	0	0.5	0	0		0.3	15.8	2	1	0
2	01/02/2021 10:40	01/02/2021 10:53	N	1	244	238	5	4.72	16	0	0.5	0	0		0.3	19.55	2	1	2.75
1	01/02/2021 10:11	01/02/2021 10:22	N	1	95	56	1	2.6	10.5	0	0.5	0	0		0.3	11.3	2	1	0
1	01/02/2021 10:55	01/02/2021 11:04	N	1	95	95	1	1.2	8	0	0.5	0	0		0.3	8.8	2	1	0
2	01/02/2021 10:01	01/02/2021 10:11	N	1	74	229	1	3.67	12.5	0	0.5	3.21	0		0.3	19.26	1	1	2.75
2	01/02/2021 10:44	01/02/2021 10:46	N	1	42	42	1	0	3.5	0	0.5	0	0		0.3	4.3	2	1	0
2	01/02/2021 10:32	01/02/2021 10:45	N	1	95	102	1	2.69	11	0	0.5	0	0		0.3	11.8	2	1	0
2	01/02/2021 10:21	01/02/2021 10:52	N	1	146	197	1	12.95	40	0	0.5	0	0		0.3	43.55	2	1	2.75
2	01/02/2021 10:29	01/02/2021 10:36	N	1	52	33	1	0.93	6.5	0	0.5	2.19	0		0.3	9.49	1	1	0
2	01/02/2021 10:41	01/02/2021 10:49	N	1	260	82	6	1.22	7	0	0.5	0	0		0.3	7.8	2	1	0
2	01/02/2021 10:44	01/02/2021 10:47	N	1	65	65	1	0.44	4	0	0.5	0	0		0.3	4.8	2	1	0
2	01/02/2021 10:18	01/02/2021 10:33	N	1	74	163	1	3.73	13.5	0	0.5	4.26	0		0.3	21.31	1	1	2.75
2	01/02/2021 10:18	01/02/2021 10:35	N	1	244	75	1	3.6	15	0	0.5	1	0		0.3	16.8	1	1	0
1	01/02/2021 10:37	01/02/2021 10:45	N	1	152	238	1	2.1	9.5	0	0.5	2.05	0		0.3	12.35	1	1	0
2	01/02/2021 10:15	01/02/2021 10:22	N	1	41	166	1	1.08	6.5	0	0.5	0	0		0.3	7.3	2	1	0
2	01/02/2021 10:51	01/02/2021 10:58	N	1	74	236	1	2.16	8	0	0.5	0	0		0.3	11.55	2	1	2.75
2	01/02/2021 10:36	01/02/2021 10:46	N	1	130	191	1	1.74	9	0	0.5	0	0		0.3	9.8	2	1	0
2	01/02/2021 10:36	01/02/2021 10:43	N	1	41	159	2	1.71	8	0	0.5	0	0		0.3	8.8	2	1	0
2	01/02/2021 10:59	01/02/2021 11:35	N	2	43	132	2	22.88	52	0	0.5	11.78	6.12		0.3	70.7	1	1	0
2	01/02/2021 10:24	01/02/2021 10:29	N	1	95	95	1	1.09	5.5	0	0.5	0	0		0.3	6.3	2	1	0
2	01/02/2021 10:55	01/02/2021 11:04	N	1	95	196	1	1.63	8	0	0.5	0	0		0.3	8.8	2	1	0
2	01/02/2021 10:47	01/02/2021 11:07	N	1	244	249	1	9.99	29.5	0	0.5	10	0		0.3	43.05	1	1	2.75
2	01/02/2021 11:30	01/02/2021 11:39	N	1	7	223	1	2.04	9	0	0.5	0	0		0.3	9.8	2	1	0
1	01/02/2021 11:32	01/02/2021 11:42	N	1	74	263	1	2.3	10	2.75	0.5	3.35	0		0.3	16.9	1	1	2.75
2	01/02/2021 11:46	01/02/2021 12:13	N	1	169	159	2	3.28	19	0	0.5	2.75	0		0.3	22.55	1	1	0
2	01/02/2021 11:58	01/02/2021 12:17	N	1	244	100	1	7.49	24	0	0.5	5.51	0		0.3	33.06	1	1	2.75
2	01/02/2021 11:48	01/02/2021 11:48	N	1	74	74	1	0.04	2.5	0	0.5	0	0		0.3	3.3	2	1	0
2	01/02/2021 11:02	01/02/2021 11:11	N	1	65	189	1	1.61	8.5	0	0.5	1.86	0		0.3	11.16	1	1	0
2	01/02/2021 11:23	01/02/2021 11:26	N	1	65	25	1	0.59	4.5	0	0.5	0	0		0.3	5.3	2	1	0
2	01/02/2021 11:23	01/02/2021 11:37	N	1	94	119	1	2.43	11.5	0	0.5	0	0		0.3	12.3	1	1	0
2	01/02/2021 11:43	01/02/2021 11:58	N	1	193	100	2	3.99	14.5	0	0.5	0	0		0.3	18.05	2	1	2.75
2	01/02/2021 11:39	01/02/2021 11:50	N	1	25	79	1	3.1	12	0	0.5	3.11	0		0.3	18.66	1	1	2.75
2	01/02/2021 11:30	01/03/2021 09:40	N	1	166	41	1	0.87	15.5	0	0.5	0	0		0.3	16.3	2	1	0
2	01/02/2021 11:14	01/02/2021 11:50	N	1	119	227	1	18.93	52	0	0.5	2.75	0		0.3	55.55	1	1	0
2	01/02/2021 11:54	01/02/2021 12:28	N	1	227	197	1	24.01	65	0	0.5	2.75	0		0.3	68.55	1	1	0
2	01/02/2021 11:11	01/02/2021 11:13	N	1	41	42	1	0.6	4	0	0.5	0	0		0.3	4.8	2	1	0
2	01/02/2021 11:33	01/02/2021 11:56	N	1	166	79	1	8.01	26	0	0.5	0	0		0.3	29.55	2	1	2.75
2	01/02/2021 11:30	01/02/2021 11:38	N	1	244	152	1	1.2	7	0	0.5	1.56	0		0.3	9.36	1	1	0
2	01/02/2021 11:48	01/02/2021 11:56	N	1	7	146	1	1.45	7	0	0.5	0	0		0.3	7.8	2	1	0
2	01/02/2021 11:59	01/02/2021 12:14	N	1	146	263	1	3.87	14.5	0	0.5	0	0		0.3	18.05	2	1	2.75
2	01/02/2021 11:06	01/02/2021 11:12	N	1	152	41	1	1.06	6.5	0	0.5	0	0		0.3	7.3	2	1	0
2	01/02/2021 11:48	01/02/2021 11:48	N	5	195	264	1	0	20	0	0	4.06	0		0.3	24.36	1	2	0
2	01/02/2021 11:54	01/02/2021 11:54	N	5	195	195	2	0	20	0	0	4.06	0		0.3	24.36	1	2	0
2	01/02/2021 11:55	01/02/2021 12:10	N	1	33	17	1	2.8	12.5	0	0.5	0	0		0.3	13.3	2	1	0
2	01/02/2021 11:53	01/02/2021 11:55	N	1	166	152	1	0.39	3.5	0	0.5	0	0		0.3	4.3	2	1	0
2	01/02/2021 11:19	01/02/2021 11:33	N	1	235	174	1	3.32	12	0	0.5	0	0		0.3	12.8	2	1	0
2	01/02/2021 11:31	01/02/2021 11:35	N	1	75	75	1	0.55	4.5	0	0.5	0	0		0.3	5.3	2	1	0
2	01/02/2021 11:05	01/02/2021 11:11	N	1	7	7	1	0.89	5.5	0	0.5	1.26	0		0.3	7.56	1	1	0
1	01/02/2021 11:13	01/02/2021 11:26	N	1	166	244	1	2.7	12	0	0.5	2	0		0.3	14.8	1	1	0
2	01/02/2021 11:36	01/02/2021 11:46	N	1	41	75	1	2.59	9.5	0	0.5	0	0		0.3	10.3	1	1	0
2	01/02/2021 11:46	01/02/2021 11:52	N	1	41	152	1	1.29	7	0	0.5	1.56	0		0.3	9.36	1	1	0
2	01/02/2021 11:36	01/02/2021 11:57	N	1	179	42	1	9.14	27.5	0	0.5	0	0		0.3	31.05	2	1	2.75
2	01/02/2021 11:51	01/02/2021 11:56	N	1	43	75	6	0.81	5.5	0	0.5	0	0		0.3	6.3	2	1	0
2	01/02/2021 11:22	01/02/2021 11:57	N	1	75	226	1	8.82	33.5	0	0.5	2.75	6.12		0.3	43.17	1	1	0
2	01/02/2021 11:25	01/02/2021 11:39	N	1	152	74	1	2.42	11.5	0	0.5	2.46	0		0.3	14.76	1	1	0
2	01/02/2021 11:50	01/02/2021 12:01	N	1	41	75	1	2.47	11	0	0.5	0	0		0.3	11.8	2	1	0
2	01/02/2021 11:15	01/02/2021 11:19	N	1	33	40	1	1.16	5.5	0	0.5	1.26	0		0.3	7.56	1	1	0
1	01/02/2021 11:10	01/02/2021 11:25	Y	1	226	137	1	4.8	16	2.75	0.5	0	0		0.3	19.55	2	1	2.75
1	01/02/2021 11:40	01/02/2021 12:00	Y	1	145	28	1	9.5	29	0	0.5	5.95	0		0.3	35.75	1	1	0
1	01/02/2021 11:34	01/02/2021 11:39	N	1	166	152	1	1.2	6.5	0	0.5	0	0		0.3	7.3	1	1	0
1	01/02/2021 11:46	01/02/2021 11:58	N	1	42	168	1	2.3	10.5	0	0.5	0	0		0.3	11.3	1	1	0
2	01/02/2021 11:32	01/02/2021 11:42	N	1	74	152	1	1.87	9	0	0.5	1.96	0		0.3	11.76	1	1	0
2	01/02/2021 11:40	01/02/2021 12:05	N	1	41	234	1	5.76	21	0	0.5	4.91	0		0.3	29.46	1	1	2.75
2	01/02/2021 11:51	01/02/2021 12:01	N	1	97	225	1	1.9	9	0	0.5	0	0		0.3	9.8	2	1	0
1	01/02/2021 11:08	01/02/2021 11:21	N	1	65	61	1	2.2	10.5	0	0.5	2	0		0.3	13.3	1	1	0
1	01/02/2021 11:51	01/02/2021 12:02	N	1	33	195	1	2.2	9.5	0	0.5	0	0		0.3	10.3	1	1	0
2	01/02/2021 11:24	01/02/2021 11:28	N	1	196	95	1	0.79	5	0	0.5	0.08	0		0.3	5.88	1	1	0
2	01/02/2021 10:34	01/02/2021 10:49	N	1	159	152	1	2.5	12	0	0.5	0	0		0.3	12.8	2	1	0
2	01/02/2021 09:31	01/02/2021 09:40	N	1	74	75	1	1.51	8	0	0.5	0	0		0.3	8.8	2	1	0
2	01/02/2021 11:23	01/02/2021 11:48	N	1	42	42	1	4.25	19	0	0.5	5.94	0		0.3	25.74	1	1	0
2	01/02/2021 11:58	01/02/2021 11:58	N	1	41	41	1	0.02	2.5	0	0.5	0	0		0.3	3.3	2	1	0
2	01/02/2021 11:43	01/02/2021 11:44	N	1	75	75	1	0.33	3.5	0	0.5	0	0		0.3	4.3	2	1	0
2	01/02/2021 11:52	01/02/2021 12:49	N	1	61	86	1	17.84	56.5	0	0.5	2.75	0		0.3	60.05	1	1	0
2	01/02/2021 11:54	01/02/2021 12:10	N	1	74	116	1	4.38	16.5	0	0.5	0	0		0.3	17.3	2	1	0
1	01/02/2021 11:59	01/02/2021 12:04	N	1	152	166	1	0.9	5.5	0	0.5	1	0		0.3	7.3	1	1	0
2	01/02/2021 11:32	01/02/2021 11:46	N	1	42	69	1	2.73	12	0	0.5	2.56	0		0.3	15.36	1	1	0
2	01/02/2021 11:27	01/02/2021 11:36	N	1	129	70	1	3.05	11.5	0	0.5	2.46	0		0.3	14.76	1	1	0
2	01/02/2021 11:46	01/02/2021 11:48	N	1	166	151	1	0.25	3.5	0	0.5	0	0		0.3	4.3	2	1	0
2	01/02/2021 11:52	01/02/2021 11:55	N	1	33	33	6	0	3.5	0	0.5	0	0		0.3	4.3	2	1	0
2	01/02/2021 11:13	01/02/2021 11:21	N	1	7	129	1	1.6	8	0	0.5	0	0		0.3	8.8	2	1	0
2	01/02/2021 11:59	01/02/2021 12:13	N	1	82	173	1	1.73	10	0	0.5	0	0		0.3	10.8	2	1	0
2	01/02/2021 12:10	01/02/2021 13:35	N	1	166	51	2	22.13	79	0	0.5	2.75	0		0.3	82.55	1	1	0
2	01/02/2021 11:27	01/02/2021 11:40	N	1	74	116	1	2.51	11	0	0.5	0	0		0.3	11.8	2	1	0
2	01/02/2021 11:43	01/02/2021 11:52	N	1	116	166	1	1.69	9	0	0.5	1.96	0		0.3	11.76	1	1	0
2	01/02/2021 11:18	01/02/2021 11:31	N	1	42	213	1	5.46	17.5	0	0.5	0	0		0.3	18.3	2	1	0
2	01/02/2021 11:03	01/02/2021 11:09	N	1	43	236	1	1	6	0	0.5	0	0		0.3	9.55	2	1	2.75
1	01/02/2021 11:11	01/02/2021 11:26	N	1	65	188	1	3.2	13.5	0.5	0.5	2.95	0		0.3	17.75	1	1	0
2	01/02/2021 11:42	01/02/2021 11:52	N	1	95	98	1	5.79	17.5	0	0.5	0	0		0.3	18.3	2	1	0
2	01/02/2021 11:49	01/02/2021 12:19	N	1	74	50	1	6.83	26	0	0.5	5.91	0		0.3	35.46	1	1	2.75
1	01/02/2021 12:33	01/02/2021 12:48	N	1	75	238	1	2.6	12.5	2.75	0.5	0	0		0.3	16.05	2	1	2.75
2	01/02/2021 12:34	01/02/2021 12:42	N	1	129	138	1	3.84	12.5	0	0.5	1	0		0.3	14.3	1	1	0
2	01/02/2021 12:44	01/02/2021 12:51	N	1	41	238	1	1.94	8	0	0.5	0	0		0.3	11.55	2	1	2.75
2	01/02/2021 12:24	01/02/2021 12:33	N	1	65	181	1	1.46	8	0	0.5	0	0		0.3	8.8	2	1	0
2	01/02/2021 12:24	01/02/2021 12:31	N	1	116	42	1	1.17	7	0	0.5	0	0		0.3	7.8	2	1	0
2	01/02/2021 12:16	01/02/2021 12:28	N	1	41	42	1	2.21	10.5	0	0.5	0	0		0.3	11.3	2	1	0
2	01/02/2021 12:13	01/02/2021 12:15	N	1	193	193	1	0	3	0	0.5	0.8	0		0.3	4.6	1	1	0
2	01/02/2021 12:48	01/02/2021 12:58	N	1	42	166	1	1.71	9	0	0.5	1.96	0		0.3	11.76	1	1	0
2	01/02/2021 12:36	01/02/2021 12:43	N	1	42	74	1	1.16	7	0	0.5	0	0		0.3	7.8	2	1	0
1	01/02/2021 12:01	01/02/2021 12:07	N	1	74	75	2	1.3	6.5	0	0.5	0.37	0		0.3	7.67	1	1	0
2	01/02/2021 12:24	01/02/2021 12:51	N	1	181	144	1	4.64	20.5	0	0.5	0	0		0.3	24.05	2	1	2.75
1	01/02/2021 12:52	01/02/2021 12:57	N	1	255	256	2	0.8	5	0	0.5	1.15	0		0.3	6.95	1	1	0
2	01/02/2021 12:39	01/02/2021 13:42	N	1	177	25	1	5.14	38.5	0	0.5	2.75	0		0.3	42.05	1	1	0
1	01/02/2021 12:26	01/02/2021 12:41	N	1	33	65	1	2	11.5	0	0.5	2.46	0		0.3	14.76	1	1	0
1	01/02/2021 12:24	01/02/2021 12:29	N	1	75	236	1	0.6	4.5	2.75	0.5	1	0		0.3	9.05	1	1	2.75
2	01/02/2021 12:35	01/02/2021 13:00	N	1	197	247	1	14.31	40.5	0	0.5	2.75	6.12		0.3	50.17	1	1	0
2	01/02/2021 12:58	01/02/2021 13:02	N	1	41	152	1	0.87	5	0	0.5	0	0		0.3	5.8	2	1	0
2	01/02/2021 12:22	01/02/2021 12:36	N	1	244	220	1	5.27	17.5	0	0.5	0	0		0.3	18.3	2	1	0
2	01/02/2021 12:50	01/02/2021 12:54	N	1	7	146	1	0.72	5	0	0.5	1.16	0		0.3	6.96	1	1	0
2	01/02/2021 12:33	01/02/2021 12:42	N	1	74	238	2	2.24	9.5	0	0.5	2	0		0.3	12.3	1	1	0
2	01/02/2021 12:32	01/02/2021 12:34	N	1	74	74	1	0.58	4	0	0.5	0	0		0.3	4.8	2	1	0
2	01/02/2021 12:04	01/02/2021 12:21	N	1	33	140	1	7.85	23.5	0	0.5	6.76	0		0.3	33.81	1	1	2.75
2	01/02/2021 12:18	01/02/2021 12:41	N	1	195	189	1	3.04	16.5	0	0.5	5.19	0		0.3	22.49	1	1	0
2	01/02/2021 12:44	01/02/2021 13:20	N	1	189	155	1	6.44	26	0	0.5	3	0		0.3	29.8	1	1	0
2	01/02/2021 12:47	01/02/2021 12:53	N	1	75	263	1	1.44	6.5	0	0.5	2.01	0		0.3	12.06	1	1	2.75
2	01/02/2021 12:13	01/02/2021 12:26	N	1	65	188	1	2.82	12	0	0.5	2.56	0		0.3	15.36	1	1	0
2	01/02/2021 12:03	01/02/2021 12:04	N	1	42	42	1	0.36	3.5	0	0.5	0.86	0		0.3	5.16	1	1	0
2	01/02/2021 12:31	01/02/2021 12:34	N	1	75	74	1	0.67	4.5	0	0.5	0	0		0.3	5.3	2	1	0
2	01/02/2021 12:46	01/02/2021 12:52	N	1	41	75	1	1.32	6.5	0	0.5	0	0		0.3	7.3	2	1	0
2	01/02/2021 12:28	01/02/2021 12:43	N	1	69	41	1	2.34	12	0	0.5	0	0		0.3	12.8	2	1	0
2	01/02/2021 12:45	01/02/2021 12:50	N	1	74	75	1	1.37	6	0	0.5	0	0		0.3	6.8	2	1	0
2	01/02/2021 12:02	01/02/2021 12:05	N	1	244	116	1	0.49	4	0	0.5	0	0		0.3	4.8	2	1	0
2	01/02/2021 12:22	01/02/2021 12:26	N	1	166	238	1	0.72	5	0	0.5	1.16	0		0.3	6.96	1	1	0
2	01/02/2021 12:41	01/02/2021 12:51	N	1	74	159	1	2.6	10	0	0.5	0	0		0.3	10.8	2	1	0
2	01/02/2021 12:40	01/02/2021 12:54	N	1	7	229	1	3.37	13.5	0	0.5	0	0		0.3	17.05	2	1	2.75
1	01/02/2021 12:43	01/02/2021 12:54	N	1	17	61	0	1.8	9	0	0.5	0	0		0.3	9.8	2	1	0
2	01/02/2021 12:04	01/02/2021 12:12	N	1	42	24	1	1.42	7.5	0	0.5	0	0		0.3	8.3	2	1	0
2	01/02/2021 12:21	01/02/2021 12:29	N	1	41	238	1	1.67	8.5	0	0.5	0	0		0.3	9.3	2	1	0
2	01/02/2021 12:21	01/02/2021 12:35	N	1	116	41	1	1.53	10.5	0	0.5	0	0		0.3	11.3	2	1	0
1	01/02/2021 12:41	01/02/2021 13:15	N	1	116	33	1	12.8	39.5	2.75	0.5	10.75	0		0.3	53.8	1	1	2.75
2	01/02/2021 12:31	01/02/2021 12:42	N	1	74	24	1	1.93	9.5	0	0.5	0	0		0.3	10.3	2	1	0
2	01/02/2021 12:38	01/02/2021 12:44	N	1	102	63	6	1.77	7	0	0.5	0	0		0.3	7.8	2	1	0
2	01/02/2021 12:40	01/02/2021 12:40	N	5	264	264	1	0.06	1	0	0	0	0		0.3	1.3	1	2	0
2	01/02/2021 12:42	01/02/2021 12:42	N	5	25	264	1	0.01	9	0	0	0	0		0.3	9.3	1	2	0
2	01/02/2021 12:04	01/02/2021 12:18	N	1	75	243	1	4.27	15	0	0.5	0	0		0.3	15.8	2	1	0
2	01/02/2021 12:03	01/02/2021 12:11	N	1	129	173	1	0.93	7	0	0.5	0	0		0.3	7.8	2	1	0
2	01/02/2021 12:02	01/02/2021 12:12	N	1	95	95	1	1.64	8.5	0	0.5	0.55	0		0.3	9.85	1	1	0
2	01/02/2021 12:33	01/02/2021 12:46	N	1	74	141	1	2.67	12	0	0.5	3.11	0		0.3	18.66	1	1	2.75
2	01/02/2021 12:22	01/02/2021 12:35	N	1	97	17	1	2.58	11.5	0	0.5	0	0		0.3	12.3	2	1	0
2	01/02/2021 12:54	01/02/2021 12:59	N	1	65	65	1	0.61	5	0	0.5	0.87	0		0.3	6.67	1	1	0
1	01/02/2021 12:28	01/02/2021 13:01	N	1	25	33	2	4.4	22	0.5	0.5	4.65	0		0.3	27.95	1	1	0
2	01/02/2021 12:38	01/02/2021 12:40	N	1	49	49	1	0.5	4	0	0.5	0	0		0.3	4.8	2	1	0
2	01/02/2021 12:42	01/02/2021 13:08	N	1	49	97	1	1.23	16	0	0.5	0	0		0.3	16.8	2	1	0
2	01/02/2021 12:29	01/02/2021 12:42	N	1	69	116	1	2.53	11	0	0.5	0	0		0.3	11.8	2	1	0
2	01/02/2021 13:00	01/02/2021 13:12	N	1	74	151	1	1.76	9.5	0	0.5	0	0		0.3	10.3	2	1	0
2	01/02/2021 12:16	01/02/2021 12:27	N	1	41	239	1	2.65	10.5	0	0.5	2.81	0		0.3	16.86	1	1	2.75
1	01/02/2021 12:13	01/02/2021 12:17	N	1	95	95	1	0.7	4.5	0	0.5	0	0		0.3	5.3	2	1	0
1	01/02/2021 12:57	01/02/2021 12:59	N	1	95	95	1	0.2	3	0	0.5	0	0		0.3	3.8	4	1	0
1	01/02/2021 12:57	01/02/2021 13:13	N	1	42	140	1	4.8	16.5	2.75	0.5	2	0		0.3	22.05	1	1	2.75
2	01/02/2021 12:07	01/02/2021 12:13	N	1	41	75	1	1.21	6	0	0.5	1.36	0		0.3	8.16	1	1	0
2	01/02/2021 12:16	01/02/2021 12:20	N	1	74	263	1	1.25	6	0	0.5	0	0		0.3	6.8	2	1	0
2	01/02/2021 12:45	01/02/2021 12:51	N	1	42	42	1	1.28	7	0	0.5	0	0		0.3	7.8	2	1	0
2	01/02/2021 12:51	01/02/2021 13:00	N	1	42	166	1	1.7	8.5	0	0.5	0	0		0.3	9.3	2	1	0
2	01/02/2021 12:28	01/02/2021 12:36	N	1	65	49	2	1.44	7.5	0	0.5	1.66	0		0.3	9.96	1	1	0
2	01/02/2021 12:51	01/02/2021 13:00	N	1	7	226	1	1.21	8	0	0.5	0	0		0.3	8.8	2	1	0
2	01/02/2021 12:51	01/02/2021 13:02	N	1	166	244	1	2.08	10	0	0.5	3.24	0		0.3	14.04	1	1	0
2	01/02/2021 12:33	01/02/2021 12:56	N	1	74	79	1	8.76	27	0	0.5	6.11	0		0.3	36.66	1	1	2.75
2	01/02/2021 12:59	01/02/2021 13:18	N	1	97	37	1	3.43	15	0	0.5	3.16	0		0.3	18.96	1	1	0
2	01/02/2021 13:00	01/02/2021 13:28	N	1	82	263	1	7.19	25.5	0	0.5	5.81	0		0.3	34.86	1	1	2.75
2	01/02/2021 12:48	01/02/2021 13:54	N	1	15	177	1	25.76	77	0	0.5	2.75	12.24		0.3	92.79	1	1	0
1	01/02/2021 12:16	01/02/2021 12:24	N	1	116	74	1	2	9	0	0.5	1.95	0		0.3	11.75	1	1	0
2	01/02/2021 12:07	01/02/2021 12:12	N	1	42	41	1	0.87	5.5	0	0.5	0	0		0.3	6.3	2	1	0
